0 0.0
1000 14.0433900462
2000 16.6810205403
3000 17.2127563798
4000 17.2847055105
5000 17.2593066473
6000 17.2180140782
7000 17.1801646404
8000 17.1524255525
9000 17.1300086927
10000 17.1115562716
11000 17.0969053789
12000 17.0863509519
13000 17.0808653024
14000 17.076357291
15000 17.0713438141
16000 17.0680882098
17000 17.0656386927
18000 17.0637812532
19000 17.0617939589
20000 17.0598198574
21000 17.0558219
22000 17.0531440049
23000 17.0486206666
24000 17.0437532065
25000 17.0402954111
26000 17.0399636694
27000 17.0388468458
28000 17.0387224687
29000 17.0386222059
30000 17.0377280147
31000 17.0350212052
32000 17.0367353579
33000 17.0390850138
34000 17.0422995196
35000 17.0482954548
36000 17.0581849942
37000 17.0695677593
38000 17.0803320784
39000 17.0908258085
40000 17.1009591532
41000 17.1109490817
42000 17.1189709251
43000 17.1224831407
44000 17.1229052333
45000 17.1200962571
46000 17.115096141
47000 17.1092101671
48000 17.1024788181
49000 17.0974414705
50000 17.0967705219
51000 17.0971952765
52000 17.0996030664
53000 17.1050096413
54000 17.1139511933
55000 17.1238693011
56000 17.1359819761
57000 17.1445079796
58000 17.1490003064
59000 17.1511898946
60000 17.1473138275
61000 17.1401691387
62000 17.1288147362
63000 17.1150358705
64000 17.1004794817
65000 17.0852815728
66000 17.0703101039
67000 17.0560417531
68000 17.0421766965
69000 17.0319915486
70000 17.0249950391
71000 17.0216431727
72000 17.0230898192
73000 17.0269610943
74000 17.0345988077
75000 17.0452599729
76000 17.0573199451
77000 17.0696027069
78000 17.0817514355
79000 17.0942252339
80000 17.1043881749
81000 17.1157963498
82000 17.1266594392
83000 17.1374885515
84000 17.1492862489
85000 17.160009434
86000 17.168289057
87000 17.1719007104
88000 17.1716541505
89000 17.1705752227
90000 17.1648383436
91000 17.1553113437
92000 17.144056609
93000 17.1319958195
94000 17.1172895851
95000 17.1008546397
96000 17.0845265569
97000 17.0691662031
98000 17.0561113136
99000 17.0489642912
100000 17.0448818287
101000 17.0455925461
102000 17.0502576856
103000 17.0595777864
104000 17.0729984064
105000 17.0852695263
106000 17.0978414448
107000 17.111656791
108000 17.1219667554
109000 17.1273235221
110000 17.1269419293
111000 17.1203778338
112000 17.108899456
113000 17.0952768968
114000 17.0828978536
115000 17.0732462172
116000 17.0679329674
117000 17.0680560286
118000 17.0730791287
119000 17.082191931
120000 17.0947646444
121000 17.1072101387
122000 17.1187215692
123000 17.1247078957
124000 17.1259510046
125000 17.12265834
126000 17.1128471144
127000 17.098322955
128000 17.0840519907
129000 17.0702596287
130000 17.0557361613
131000 17.0461436507
132000 17.0423289897
133000 17.0416234974
134000 17.0415889952
135000 17.0437916456
136000 17.0492200768
137000 17.0546403977
138000 17.0568007041
139000 17.0566018103
140000 17.0540519696
141000 17.0513310391
142000 17.0493535001
143000 17.0487573807
144000 17.0507568813
145000 17.0557395197
146000 17.0644910575
147000 17.0765481658
148000 17.0904510702
149000 17.1055163069
150000 17.1199343065
151000 17.1347190434
152000 17.1509600867
153000 17.1709650246
154000 17.1937086984
155000 17.2144798299
156000 17.2328773187
157000 17.2491546868
158000 17.2605714574
159000 17.2667493452
160000 17.2672245577
161000 17.2615945478
162000 17.250360692
163000 17.2343624899
164000 17.2152443759
165000 17.1948104401
166000 17.1736089658
167000 17.1536096207
168000 17.1348386284
169000 17.1187911983
170000 17.1036820341
171000 17.0912644446
172000 17.0789950221
173000 17.0674464576
174000 17.0576831449
175000 17.0495931521
176000 17.0420876338
177000 17.0372158343
178000 17.036278687
179000 17.0377930843
180000 17.0419885373
181000 17.0501438814
182000 17.0588749698
183000 17.0670222321
184000 17.0735069791
185000 17.0773681807
186000 17.0762153777
187000 17.0720096977
188000 17.0657110491
189000 17.0599972034
190000 17.0571480509
191000 17.054682046
192000 17.0538016628
193000 17.0541859217
194000 17.056395396
195000 17.0614126094
196000 17.070331644
197000 17.0789470889
198000 17.0855749025
199000 17.0882427125
200000 17.0889051409
201000 17.086882645
202000 17.081926257
203000 17.0755545817
204000 17.0694334764
205000 17.0629722935
206000 17.053926414
207000 17.0460402385
208000 17.0386598495
209000 17.0309318861
210000 17.0235234092
211000 17.0190654619
212000 17.0186101523
213000 17.0220379063
214000 17.0303744104
215000 17.0440350463
216000 17.0643799557
217000 17.0866713113
218000 17.1135950866
219000 17.1431533475
220000 17.1683378698
221000 17.1920429309
222000 17.2121901086
223000 17.225505502
224000 17.2330783285
225000 17.2366517369
226000 17.2365995842
227000 17.234145508
228000 17.2290144005
229000 17.2209243679
230000 17.2120272858
231000 17.2044891365
232000 17.1965405992
233000 17.1911066039
234000 17.1855417206
235000 17.1798074755
236000 17.1728832193
237000 17.1656657504
238000 17.1583229045
239000 17.1500476722
240000 17.1407638867
241000 17.1335158266
242000 17.1275689039
243000 17.1219892668
244000 17.1166198518
245000 17.1140098341
246000 17.1160454267
247000 17.1166145283
248000 17.1165563613
249000 17.1169714829
250000 17.1182866411
251000 17.1210185212
252000 17.1270142012
253000 17.1323402435
254000 17.1391328583
255000 17.1443268404
256000 17.1497257513
257000 17.1552201985
258000 17.1602869768
259000 17.1659554098
260000 17.1690871684
261000 17.1712837935
262000 17.1735297978
263000 17.17702644
264000 17.1781487043
265000 17.1800526003
266000 17.1797923884
267000 17.1778435249
268000 17.1770195762
269000 17.1765552361
270000 17.1758925661
271000 17.1730416376
272000 17.1706436584
273000 17.1670853913
274000 17.1623904908
275000 17.1593397006
276000 17.1552891057
277000 17.1488637436
278000 17.1411296532
279000 17.1327876639
280000 17.1248989797
281000 17.1188692947
282000 17.1114835883
283000 17.1036249998
284000 17.0953155673
285000 17.0877992931
286000 17.0816696428
287000 17.0765602799
288000 17.0714396992
289000 17.0657448451
290000 17.059806674
291000 17.050250092
292000 17.0376810235
293000 17.022451698
294000 17.006316661
295000 16.9897710481
296000 16.9742355558
297000 16.9636255809
298000 16.9579526938
299000 16.9584692316
300000 16.9657209343
301000 16.9792921065
302000 16.9979785478
303000 17.0227886609
304000 17.0452483689
305000 17.0655055723
306000 17.0842788162
307000 17.1021881157
308000 17.1158817321
309000 17.1274293867
310000 17.137096025
311000 17.144628714
312000 17.1512171552
313000 17.1562233709
314000 17.1579106569
315000 17.1577503775
316000 17.1582647836
317000 17.1587122777
318000 17.1597277405
319000 17.1611806332
320000 17.1628659793
321000 17.1630149491
322000 17.163195506
323000 17.1638129459
324000 17.166385623
325000 17.1714245267
326000 17.1743324112
327000 17.1774291373
328000 17.1785639343
329000 17.1788717983
330000 17.1776667001
331000 17.1753458673
332000 17.1695984349
333000 17.1600993854
334000 17.1502200597
335000 17.1430980529
336000 17.1367915261
337000 17.1338737026
338000 17.134349135
339000 17.1384101597
340000 17.1439573412
341000 17.1500535443
342000 17.1559808887
343000 17.1593453123
344000 17.1589902477
345000 17.1560390687
346000 17.152295757
347000 17.150546799
348000 17.1484513454
349000 17.1456595629
350000 17.1442767551
351000 17.1444699798
352000 17.1454341679
353000 17.1467639131
354000 17.1484227543
355000 17.1517880307
356000 17.1567219718
357000 17.1608960316
358000 17.1653737391
359000 17.167904602
360000 17.1697870819
361000 17.1709760006
362000 17.1703994587
363000 17.1670203376
364000 17.1625696824
365000 17.1572637027
366000 17.1509958925
367000 17.1459377188
368000 17.1436148715
369000 17.1424644384
370000 17.1435900823
371000 17.1460066948
372000 17.1503505661
373000 17.151363837
374000 17.1496317472
375000 17.1454604672
376000 17.1371309077
377000 17.1273926924
378000 17.1159793127
379000 17.1030385981
380000 17.0922724325
381000 17.0867702532
382000 17.0826289941
383000 17.0803493075
384000 17.082082008
385000 17.0864744965
386000 17.0916800804
387000 17.0971857866
388000 17.1008309816
389000 17.1050409727
390000 17.1095378974
391000 17.115749118
392000 17.1251821995
393000 17.1402485732
394000 17.1581098342
395000 17.177558879
396000 17.1954858894
397000 17.2098833838
398000 17.2197023381
399000 17.2263673904
400000 17.2257880206
401000 17.2204156
402000 17.2125451478
403000 17.2044917251
404000 17.1980468126
405000 17.1933339798
406000 17.1897408736
407000 17.1902749662
408000 17.1865556303
409000 17.1809061054
410000 17.170227058
411000 17.1546422591
412000 17.1344416888
413000 17.1117252555
414000 17.0890666084
415000 17.0668142954
416000 17.0472444866
417000 17.0309074769
418000 17.0194427838
419000 17.0139386749
420000 17.0136038093
421000 17.0165121908
422000 17.0196590533
423000 17.0245250411
424000 17.0311425491
425000 17.0357502951
426000 17.0409411629
427000 17.0426509739
428000 17.0441305453
429000 17.0478310523
430000 17.0537087864
431000 17.0618960791
432000 17.0724313972
433000 17.0828028626
434000 17.0933487592
435000 17.1024343753
436000 17.110512934
437000 17.1183264918
438000 17.1252491208
439000 17.1327272416
440000 17.1417589241
441000 17.1535409596
442000 17.1669649163
443000 17.1759981317
444000 17.1820083185
445000 17.1846939907
446000 17.1847808134
447000 17.1844354835
448000 17.1862693015
449000 17.1874490786
450000 17.1879215552
451000 17.1888873898
452000 17.1891486571
453000 17.1886725785
454000 17.1869034049
455000 17.1808899822
456000 17.1722057766
457000 17.1620182479
458000 17.148988622
459000 17.1338526708
460000 17.118593778
461000 17.102824032
462000 17.0921326326
463000 17.0856820755
464000 17.0827750103
465000 17.085376632
466000 17.0935979447
467000 17.104695541
468000 17.1200591219
469000 17.1372645294
470000 17.1556080979
471000 17.1731415238
472000 17.1895564765
473000 17.200982838
474000 17.2075629439
475000 17.2116715956
476000 17.2143161096
477000 17.2154228826
478000 17.2200323677
479000 17.2205931747
480000 17.2211228337
481000 17.2173652418
482000 17.2110771547
483000 17.2020076301
484000 17.1905941452
485000 17.1780067771
486000 17.1659180484
487000 17.1582230177
488000 17.1496274884
489000 17.1421272287
490000 17.1371741083
491000 17.1328110186
492000 17.1284293428
493000 17.1239651655
494000 17.117216795
495000 17.1073931015
496000 17.0950830946
497000 17.0832949678
498000 17.0746313175
499000 17.0677123473
500000 17.0670802163
501000 17.0697429504
502000 17.07630175
503000 17.0855574803
504000 17.0970272616
505000 17.1099436889
506000 17.1201184853
507000 17.1285688288
508000 17.1349612007
509000 17.1387381187
510000 17.140464928
511000 17.1415341359
512000 17.1422294494
513000 17.141384154
514000 17.1393714528
515000 17.13778742
516000 17.1391589095
517000 17.1415264264
518000 17.1471511187
519000 17.1562848534
520000 17.1677734616
521000 17.1837900723
522000 17.1982427733
523000 17.213170894
524000 17.2283578868
525000 17.2401185096
526000 17.2478501788
527000 17.2506694101
528000 17.2479171612
529000 17.2412189042
530000 17.2299803571
531000 17.2172755324
532000 17.2039971182
533000 17.191707435
534000 17.1820229662
535000 17.1756731381
536000 17.1737308807
537000 17.1742835581
538000 17.1762795835
539000 17.1790871828
540000 17.1813835847
541000 17.1786949394
542000 17.1719654199
543000 17.1594726837
544000 17.1424965254
545000 17.1240337302
546000 17.1047932602
547000 17.0855875688
548000 17.0696858146
549000 17.05975974
550000 17.0507705641
551000 17.0437275445
552000 17.0384062285
553000 17.0349890224
554000 17.0344482634
555000 17.0346788903
556000 17.0335076182
557000 17.0321032052
558000 17.0318504001
559000 17.035124099
560000 17.0445923489
561000 17.0593469323
562000 17.0794411477
563000 17.1039834043
564000 17.1296709723
565000 17.1553190653
566000 17.1799067152
567000 17.1979293317
568000 17.2101719589
569000 17.2181210523
570000 17.2234375802
571000 17.2246414185
572000 17.2240069163
573000 17.2214622121
574000 17.2190620132
575000 17.2164410474
576000 17.216194772
577000 17.2163962684
578000 17.2179322828
579000 17.2149343317
580000 17.2117412254
581000 17.2075634096
582000 17.2023740776
583000 17.1963184543
584000 17.1884530741
585000 17.1823725236
586000 17.1786399591
587000 17.1751394933
588000 17.1734942032
589000 17.1711525885
590000 17.1710543313
591000 17.1723718704
592000 17.1755739274
593000 17.1801881342
594000 17.1854342793
595000 17.1917537428
596000 17.1977965124
597000 17.2041174165
598000 17.2080708601
599000 17.210304171
600000 17.211879385
601000 17.2115695562
602000 17.2072865865
603000 17.2015325176
604000 17.1914365657
605000 17.1762322023
606000 17.15730534
607000 17.135570424
608000 17.112744645
609000 17.0880797717
610000 17.0639699671
611000 17.0442920368
612000 17.0314480135
613000 17.0240719227
614000 17.0248406273
615000 17.0330807666
616000 17.045980343
617000 17.0657428528
618000 17.0924376467
619000 17.1173284792
620000 17.1416916357
621000 17.162576432
622000 17.1815293591
623000 17.1976362202
624000 17.2095969752
625000 17.2155581656
626000 17.2173013831
627000 17.2170204118
628000 17.2144865373
629000 17.2109419317
630000 17.2061992739
631000 17.2021426708
632000 17.1959229405
633000 17.1907091177
634000 17.188060941
635000 17.1866889751
636000 17.1865246635
637000 17.1886847784
638000 17.1940610574
639000 17.2008885073
640000 17.2093541912
641000 17.2187842069
642000 17.227927379
643000 17.2377682077
644000 17.2480601068
645000 17.2552497048
646000 17.258917795
647000 17.2600172549
648000 17.2564882567
649000 17.2495515399
650000 17.2408768341
651000 17.2293532917
652000 17.2159343577
653000 17.2019051342
654000 17.1884097772
655000 17.1764398929
656000 17.1654720379
657000 17.155554435
658000 17.1468778615
659000 17.139520678
660000 17.1319518116
661000 17.1273028522
662000 17.1186525275
663000 17.1093093874
664000 17.0984273535
665000 17.0869328269
666000 17.0738849808
667000 17.059686023
668000 17.047920857
669000 17.0394385928
670000 17.033729466
671000 17.0335589543
672000 17.038050439
673000 17.0456973171
674000 17.0586697405
675000 17.0748787171
676000 17.0944626442
677000 17.1158182268
678000 17.1396097431
679000 17.1646853303
680000 17.18844763
681000 17.2072266494
682000 17.2217761688
683000 17.2321632161
684000 17.237214193
685000 17.2397495613
686000 17.2411824274
687000 17.243012708
688000 17.246201283
689000 17.2514820081
690000 17.2569517934
691000 17.2615558608
692000 17.2681628739
693000 17.2732186948
694000 17.2741859846
695000 17.272397365
696000 17.2642581392
697000 17.2488560353
698000 17.2270030943
699000 17.2008128949
700000 17.1725999596
701000 17.1437682533
702000 17.1158527983
703000 17.0918432003
704000 17.0747921085
705000 17.0678103232
706000 17.0666994294
707000 17.0756690733
708000 17.0933701381
709000 17.1153984073
710000 17.1420021994
711000 17.1690617731
712000 17.1946051324
713000 17.2154036549
714000 17.2310936177
715000 17.2423971919
716000 17.2510903198
717000 17.2580240046
718000 17.2660825478
719000 17.2691364246
720000 17.2696566099
721000 17.2676164556
722000 17.2640368629
723000 17.2609189127
724000 17.2573131239
725000 17.2518887421
726000 17.2461662819
727000 17.2389445595
728000 17.2331252321
729000 17.2270281448
730000 17.2182494494
731000 17.2070711672
732000 17.1948290968
733000 17.1822756247
734000 17.1704894052
735000 17.158232486
736000 17.147703797
737000 17.1380644995
738000 17.133185975
739000 17.130705651
740000 17.1350977735
741000 17.1431308891
742000 17.1540641731
743000 17.164721321
744000 17.1772505137
745000 17.1896072564
746000 17.1978727057
747000 17.2033850466
748000 17.2062651525
749000 17.2040313042
750000 17.199940286
751000 17.1960888168
752000 17.1937830423
753000 17.1940379627
754000 17.197253414
755000 17.2014183947
756000 17.206840034
757000 17.2148631395
758000 17.2227130152
759000 17.2299989207
760000 17.2359431853
761000 17.241596805
762000 17.2443710645
763000 17.2458550837
764000 17.2465456597
765000 17.2468818168
766000 17.2438751706
767000 17.2403368772
768000 17.2335323796
769000 17.2241976599
770000 17.2123631075
771000 17.1997197412
772000 17.1833688492
773000 17.1655468446
774000 17.1479686472
775000 17.1317126512
776000 17.1182178835
777000 17.1088010977
778000 17.1032843493
779000 17.1012617308
780000 17.1037350339
781000 17.1103720574
782000 17.1197651194
783000 17.134564922
784000 17.1505475538
785000 17.1673647849
786000 17.1846484459
787000 17.2012331276
788000 17.2175470779
789000 17.2332433495
790000 17.2443863395
791000 17.2521524361
792000 17.2555946289
793000 17.2557432885
794000 17.2532305389
795000 17.2470777008
796000 17.2398904104
797000 17.2296277874
798000 17.2186554092
799000 17.2081243172
800000 17.1999206759
801000 17.1940242001
802000 17.1894000991
803000 17.1886831237
804000 17.1891497779
805000 17.1933582309
806000 17.200633332
807000 17.209866204
808000 17.2219120024
809000 17.2348468761
810000 17.2458415695
811000 17.2560124638
812000 17.2642881378
813000 17.2703029465
814000 17.2743351895
815000 17.2756951006
816000 17.2723178981
817000 17.2649666087
818000 17.2553788163
819000 17.2453962433
820000 17.2350582721
821000 17.225111667
822000 17.216596125
823000 17.2102384183
824000 17.2024629729
825000 17.1931410363
826000 17.1854020711
827000 17.179264545
828000 17.1764391843
829000 17.1779729562
830000 17.1780988959
831000 17.1809849223
832000 17.1833182984
833000 17.1847452785
834000 17.1887965431
835000 17.195163808
836000 17.2018397978
837000 17.2108039915
838000 17.2199781685
839000 17.233260813
840000 17.2440654678
841000 17.2540870908
842000 17.262981471
843000 17.2710025212
844000 17.2778386164
845000 17.2848715061
846000 17.2902835963
847000 17.2922538781
848000 17.2915847293
849000 17.2889925787
850000 17.2868270244
851000 17.2826121928
852000 17.2766659681
853000 17.2709819811
854000 17.2649638726
855000 17.2595433157
856000 17.2563217099
857000 17.2579904804
858000 17.2617426547
859000 17.2671902544
860000 17.2712399263
861000 17.2747509738
862000 17.27401575
863000 17.2690300506
864000 17.261724757
865000 17.2497345279
866000 17.2335915449
867000 17.2162895549
868000 17.1997638921
869000 17.1845381986
870000 17.1713336256
871000 17.1603519151
872000 17.1512990591
873000 17.1440079447
874000 17.1392376747
875000 17.1359997959
876000 17.1336935686
877000 17.1331578908
878000 17.1336489975
879000 17.1379297378
880000 17.1434822224
881000 17.1458344033
882000 17.1490178509
883000 17.1537314221
884000 17.1574869787
885000 17.1615869017
886000 17.1648147438
887000 17.1665493258
888000 17.170081495
889000 17.1743212766
890000 17.1800295844
891000 17.1885507662
892000 17.1993209845
893000 17.2123898891
894000 17.2263878943
895000 17.2389912635
896000 17.2475855577
897000 17.251942686
898000 17.2520234246
899000 17.2489702771
900000 17.241984106
901000 17.2335661351
902000 17.2269361036
903000 17.2230446988
904000 17.2214953813
905000 17.2242956543
906000 17.232245317
907000 17.2430419652
908000 17.2548139921
909000 17.2676943323
910000 17.2809044052
911000 17.2924909586
912000 17.3029265468
913000 17.3121271883
914000 17.32007012
915000 17.325859492
916000 17.3300838243
917000 17.3289742301
918000 17.3227154491
919000 17.311533059
920000 17.2947052918
921000 17.2743567334
922000 17.2516883009
923000 17.2285843165
924000 17.2063272345
925000 17.186543146
926000 17.1701955185
927000 17.1567451313
928000 17.1441168336
929000 17.1326173937
930000 17.1228441247
931000 17.1149079447
932000 17.1092872469
933000 17.1020553769
934000 17.0959386555
935000 17.0957284731
936000 17.1018816839
937000 17.1101595977
938000 17.1213442427
939000 17.1373849582
940000 17.1580657337
941000 17.1821514997
942000 17.2045658174
943000 17.2238588029
944000 17.2422563309
945000 17.2553679948
946000 17.2633912372
947000 17.2680654266
948000 17.2683203176
949000 17.267510672
950000 17.2668265337
951000 17.2659084377
952000 17.2669853653
953000 17.2705950439
954000 17.2792936881
955000 17.289969786
956000 17.3009752298
957000 17.3115012413
958000 17.3208276251
959000 17.3293187703
960000 17.3363898651
961000 17.3393060174
962000 17.3399738184
963000 17.3395507665
964000 17.3365363038
965000 17.3332427716
966000 17.328899474
967000 17.3230261011
968000 17.3157689958
969000 17.3063391348
970000 17.2945678779
971000 17.280419074
972000 17.264545092
973000 17.245468933
974000 17.2234240417
975000 17.2000381823
976000 17.1761702669
977000 17.1524582883
978000 17.1293885273
979000 17.1091122972
980000 17.0901939776
981000 17.0736955334
982000 17.0607713855
983000 17.0509104479
984000 17.0459178949
985000 17.0447269014
986000 17.0467547861
987000 17.0501571839
988000 17.0563701994
989000 17.0674195102
990000 17.082596788
991000 17.0979780711
992000 17.1143231607
993000 17.1315801315
994000 17.148306651
995000 17.1657665721
996000 17.1847806621
997000 17.2061141729
998000 17.2291310295
999000 17.248599242
1000000 17.2664262063
1001000 17.2803457621
1002000 17.2905071465
1003000 17.2979435831
1004000 17.3030650241
1005000 17.3047939341
1006000 17.3018603422
1007000 17.2964064893
1008000 17.2897533723
1009000 17.282663782
1010000 17.2707451791
1011000 17.2582166049
1012000 17.2463253629
1013000 17.2350744578
1014000 17.2271608919
1015000 17.2217490592
1016000 17.2184125177
1017000 17.2166529347
1018000 17.2164979985
1019000 17.2177384638
1020000 17.2199009746
1021000 17.2217217826
1022000 17.2239900441
1023000 17.2236336228
1024000 17.2221285888
1025000 17.2197776287
1026000 17.2173018526
1027000 17.2152011026
1028000 17.2133777242
1029000 17.212886663
1030000 17.2118970944
1031000 17.2139832696
1032000 17.2147058057
1033000 17.2161478732
1034000 17.2184822384
1035000 17.2206032659
1036000 17.2246343408
1037000 17.2241544315
1038000 17.2206893192
1039000 17.2142038622
1040000 17.2064549569
1041000 17.1959737101
1042000 17.1846605358
1043000 17.1755765939
1044000 17.1710012851
1045000 17.1733959665
1046000 17.1847403633
1047000 17.1968817135
1048000 17.2126348596
1049000 17.2287079926
1050000 17.2449963974
1051000 17.26029016
1052000 17.2714049796
1053000 17.278842462
1054000 17.2849651076
1055000 17.2870245308
1056000 17.2862625144
1057000 17.2858443838
1058000 17.2855315202
1059000 17.2867321394
1060000 17.2870123511
1061000 17.2878861949
1062000 17.2904204791
1063000 17.2920273414
1064000 17.292348528
1065000 17.2918777028
1066000 17.2907974023
1067000 17.2863020977
1068000 17.2809119222
1069000 17.2755944889
1070000 17.2696765431
1071000 17.2655697168
1072000 17.2607322022
1073000 17.2557550905
1074000 17.2510632205
1075000 17.2484327099
1076000 17.2428604111
1077000 17.2365345669
1078000 17.2301230226
1079000 17.2246172046
1080000 17.2210195478
1081000 17.2179262888
1082000 17.2128208605
1083000 17.2058674372
1084000 17.1988282783
1085000 17.194269847
1086000 17.1862498352
1087000 17.1777930901
1088000 17.1682478206
1089000 17.160195396
1090000 17.1570596199
1091000 17.1580548637
1092000 17.1590788961
1093000 17.1619880656
1094000 17.1660173993
1095000 17.1715824657
1096000 17.1776710031
1097000 17.1831555474
1098000 17.1878833378
1099000 17.1898534501
1100000 17.1895996314
1101000 17.1885129753
1102000 17.1833598489
1103000 17.1781553289
1104000 17.1757005576
1105000 17.1737042069
1106000 17.1736569008
1107000 17.1761805624
1108000 17.1795134897
1109000 17.186621238
1110000 17.195022132
1111000 17.2041078822
1112000 17.2136240865
1113000 17.2227717494
1114000 17.2335204949
1115000 17.2429188974
1116000 17.2505347078
1117000 17.255833603
1118000 17.2615903358
1119000 17.2625302253
1120000 17.258510028
1121000 17.2527343355
1122000 17.2438362263
1123000 17.2345385211
1124000 17.2251867306
1125000 17.2169102214
1126000 17.211106733
1127000 17.2083498619
1128000 17.2089674496
1129000 17.215251241
1130000 17.2258586395
1131000 17.2376027573
1132000 17.2491466628
1133000 17.2599708868
1134000 17.2704636827
1135000 17.2785695402
1136000 17.2839004439
1137000 17.2875729996
1138000 17.2904196616
1139000 17.29154118
1140000 17.2917848823
1141000 17.2910019913
1142000 17.2873124653
1143000 17.2830629003
1144000 17.2792530134
1145000 17.2721210203
1146000 17.2639508655
1147000 17.2561535955
1148000 17.2495699145
1149000 17.2437390968
1150000 17.2381048396
1151000 17.2305066673
1152000 17.2224969723
1153000 17.2150089914
1154000 17.2053883315
1155000 17.1962736744
1156000 17.1891057917
1157000 17.1833035668
1158000 17.1791822923
1159000 17.176708254
1160000 17.1763909763
1161000 17.1788585156
1162000 17.1832682426
1163000 17.1928917317
1164000 17.2013830814
1165000 17.210531609
1166000 17.220855968
1167000 17.2332753469
1168000 17.2481901907
1169000 17.2612717085
1170000 17.2717057045
1171000 17.2763996189
1172000 17.2771529051
1173000 17.274370718
1174000 17.2696897523
1175000 17.2614218644
1176000 17.2524910794
1177000 17.2449610097
1178000 17.2376976429
1179000 17.2328953036
1180000 17.2303062737
1181000 17.230062893
1182000 17.2285981195
1183000 17.2288933519
1184000 17.2315706217
1185000 17.2328209736
1186000 17.2331485594
1187000 17.2346973867
1188000 17.2354613924
1189000 17.2357054925
1190000 17.2360926291
1191000 17.2357786033
1192000 17.2367335896
1193000 17.2401632654
1194000 17.2401352943
1195000 17.2403778621
1196000 17.2411220832
1197000 17.2408096693
1198000 17.2388682121
1199000 17.2354032825
1200000 17.2317071103
1201000 17.2293392861
1202000 17.2299739272
1203000 17.2321749505
1204000 17.2357585046
1205000 17.2407201696
1206000 17.2448617779
1207000 17.2466523597
1208000 17.2475404477
1209000 17.2460763915
1210000 17.2384110661
1211000 17.2294951171
1212000 17.2167971084
1213000 17.2025292755
1214000 17.185759207
1215000 17.1709372218
1216000 17.1562627073
1217000 17.1448557575
1218000 17.1375323293
1219000 17.1349301214
1220000 17.1342524289
1221000 17.1370374963
1222000 17.1437140316
1223000 17.1543465982
1224000 17.1708887617
1225000 17.1879311491
1226000 17.2047319489
1227000 17.2212276459
1228000 17.2383767956
1229000 17.2527785701
1230000 17.2649137831
1231000 17.2754209786
1232000 17.282947911
1233000 17.2899119161
1234000 17.2956584466
1235000 17.299778545
1236000 17.3026172959
1237000 17.3036489121
1238000 17.3050003469
1239000 17.3050302451
1240000 17.3039998992
1241000 17.3008570842
1242000 17.2950872939
1243000 17.2854310868
1244000 17.2735505257
1245000 17.2606890291
1246000 17.2517324571
1247000 17.2441015018
1248000 17.2380894985
1249000 17.2340991655
1250000 17.2356342891
1251000 17.2390423669
1252000 17.2437944434
1253000 17.2497052638
1254000 17.2566837275
1255000 17.2653548136
1256000 17.2732311709
1257000 17.280666601
1258000 17.2860801812
1259000 17.2893848501
1260000 17.2904842372
1261000 17.2892045183
1262000 17.28474296
1263000 17.279156205
1264000 17.2715912865
1265000 17.2629214222
1266000 17.2535872038
1267000 17.2421467767
1268000 17.2297686749
1269000 17.2179364261
1270000 17.2082463354
1271000 17.1973934863
1272000 17.1916503753
1273000 17.1867546896
1274000 17.1849295741
1275000 17.1887447242
1276000 17.1943352916
1277000 17.202454208
1278000 17.2137418931
1279000 17.2265819417
1280000 17.2377006416
1281000 17.2474172496
1282000 17.2562529355
1283000 17.2641787035
1284000 17.2698430529
1285000 17.2739841704
1286000 17.2767972247
1287000 17.2777495621
1288000 17.2783052548
1289000 17.277120454
1290000 17.2755055295
1291000 17.2730066335
1292000 17.2679432518
1293000 17.2612027466
1294000 17.2542007951
1295000 17.2437575305
1296000 17.2315583167
1297000 17.2192600278
1298000 17.2097914704
1299000 17.2041673635
1300000 17.2024386171
1301000 17.2068101825
1302000 17.2152455931
1303000 17.2276696598
1304000 17.2427039069
1305000 17.2605741047
1306000 17.2734467114
1307000 17.2824074203
1308000 17.2869838748
1309000 17.2870477135
1310000 17.2824615586
1311000 17.275323506
1312000 17.2673493776
1313000 17.2591138015
1314000 17.2495066889
1315000 17.2371859924
1316000 17.2247600681
1317000 17.2116935329
1318000 17.1976319287
1319000 17.1847114673
1320000 17.1723657813
1321000 17.1623117706
1322000 17.1526229905
1323000 17.1464989734
1324000 17.1471982459
1325000 17.1554355865
1326000 17.1669869516
1327000 17.1821148876
1328000 17.1993185255
1329000 17.219030838
1330000 17.2394059103
1331000 17.2578485346
1332000 17.2751855487
1333000 17.2883802448
1334000 17.298989822
1335000 17.3062088337
1336000 17.3117545725
1337000 17.3149137209
1338000 17.3155321916
1339000 17.3145063552
1340000 17.309216853
1341000 17.3031842607
1342000 17.2950827731
1343000 17.2836593765
1344000 17.2696613656
1345000 17.2545061897
1346000 17.2400053522
1347000 17.2263351852
1348000 17.2148639493
1349000 17.2084620384
1350000 17.2080302855
1351000 17.2143858226
1352000 17.2224789903
1353000 17.2329437854
1354000 17.2451767032
1355000 17.2547929788
1356000 17.2616384241
1357000 17.2663015064
1358000 17.2703875491
1359000 17.2755700494
1360000 17.2822366732
1361000 17.2875113774
1362000 17.2895017048
1363000 17.2894628708
1364000 17.2870829394
1365000 17.2808998565
1366000 17.2717384078
1367000 17.2591912462
1368000 17.2437839928
1369000 17.2284075955
1370000 17.2161788281
1371000 17.2083202943
1372000 17.2050865413
1373000 17.2055816329
1374000 17.2084393006
1375000 17.2140367691
1376000 17.2246907589
1377000 17.2326221779
1378000 17.2410868928
1379000 17.2508816159
1380000 17.2598574991
1381000 17.2666964321
1382000 17.2728661808
1383000 17.2769347517
1384000 17.2800253761
1385000 17.2811506961
1386000 17.2811241705
1387000 17.2810418885
1388000 17.2798901834
1389000 17.2780545063
1390000 17.2755643987
1391000 17.2722667966
1392000 17.2691410754
1393000 17.2664911119
1394000 17.2619992425
1395000 17.2581518082
1396000 17.2571373099
1397000 17.2564971837
1398000 17.253734934
1399000 17.2492438144
1400000 17.2445625618
1401000 17.2383928816
1402000 17.2301761904
1403000 17.2209166619
1404000 17.2139199221
1405000 17.2079505675
1406000 17.2026221848
1407000 17.200245499
1408000 17.2021755025
1409000 17.2065237635
1410000 17.2147582658
1411000 17.2246636414
1412000 17.2328930691
1413000 17.2406750775
1414000 17.2470625459
1415000 17.2526399145
1416000 17.2575802674
1417000 17.2600794124
1418000 17.2633400629
1419000 17.2655295961
1420000 17.2677671408
1421000 17.269026697
1422000 17.269524296
1423000 17.2698240985
1424000 17.2723486943
1425000 17.2737742058
1426000 17.2729305888
1427000 17.2709262863
1428000 17.267777548
1429000 17.2640865786
1430000 17.2604249448
1431000 17.257562928
1432000 17.2523565413
1433000 17.2480663888
1434000 17.2403442534
1435000 17.2314893692
1436000 17.2230227365
1437000 17.2143736488
1438000 17.2059184114
1439000 17.1976577207
1440000 17.1919845391
1441000 17.1913638418
1442000 17.1949424911
1443000 17.2040510086
1444000 17.2153339792
1445000 17.2292995415
1446000 17.24335442
1447000 17.2570736969
1448000 17.2668881733
1449000 17.2740918576
1450000 17.2797549087
1451000 17.2850761906
1452000 17.2911989965
1453000 17.2970775223
1454000 17.3011927319
1455000 17.3039179147
1456000 17.3054559807
1457000 17.3056317164
1458000 17.3015226886
1459000 17.2947549098
1460000 17.2858661628
1461000 17.2760171968
1462000 17.2661518657
1463000 17.2568533002
1464000 17.2483941227
1465000 17.2409215147
1466000 17.2351248133
1467000 17.2304133092
1468000 17.2251732465
1469000 17.2213892367
1470000 17.2198947383
1471000 17.2185043912
1472000 17.2188011606
1473000 17.220964225
1474000 17.2259266867
1475000 17.2328756052
1476000 17.2419009313
1477000 17.2520818557
1478000 17.2598482223
1479000 17.267740912
1480000 17.2756532105
1481000 17.2826324872
1482000 17.2887990347
1483000 17.292410404
1484000 17.2936925416
1485000 17.2929679489
1486000 17.2911493317
1487000 17.2885295193
1488000 17.287091624
1489000 17.2883011448
1490000 17.2877105449
1491000 17.286583886
1492000 17.284002347
1493000 17.2799879207
1494000 17.2743050959
1495000 17.2665949633
1496000 17.2541225202
1497000 17.2408056357
1498000 17.2269547467
1499000 17.2149066204
1500000 17.2032328667
1501000 17.196644838
1502000 17.1940449652
1503000 17.195143746
1504000 17.2004833065
1505000 17.2083233794
1506000 17.2198855069
1507000 17.2338507307
1508000 17.2437070791
1509000 17.2501303574
1510000 17.256001285
1511000 17.2596995486
1512000 17.2627354497
1513000 17.2621333237
1514000 17.2626327841
1515000 17.2612540938
1516000 17.2582435901
1517000 17.2557850323
1518000 17.2527687051
1519000 17.2505347148
1520000 17.2508193548
1521000 17.2533609446
1522000 17.2568101445
1523000 17.2597940124
1524000 17.263943274
1525000 17.2679584435
1526000 17.2710120826
1527000 17.2764008587
1528000 17.2799587603
1529000 17.2830149766
1530000 17.2858346852
1531000 17.289716225
1532000 17.2936797043
1533000 17.2969706045
1534000 17.2998777104
1535000 17.2994989515
1536000 17.2999863425
1537000 17.2982334
1538000 17.2924765465
1539000 17.2862078299
1540000 17.2803801051
1541000 17.2695275904
1542000 17.2557947405
1543000 17.2409405801
1544000 17.2256355825
1545000 17.2111119387
1546000 17.1990649707
1547000 17.1898073671
1548000 17.1819027226
1549000 17.1772739136
1550000 17.1757891677
1551000 17.1772646712
1552000 17.1831749101
1553000 17.1895884404
1554000 17.1962756912
1555000 17.2053877073
1556000 17.2140267039
1557000 17.2248898326
1558000 17.2392295263
1559000 17.2525106435
1560000 17.2642358203
1561000 17.2735600158
1562000 17.2803940575
1563000 17.2830422892
1564000 17.2829342601
1565000 17.2813203399
1566000 17.2796753811
1567000 17.2787093689
1568000 17.2787171942
1569000 17.2785875058
1570000 17.2800930118
1571000 17.2825612538
1572000 17.2835438746
1573000 17.282960283
1574000 17.2812254869
1575000 17.2778892255
1576000 17.2710219183
1577000 17.2640374625
1578000 17.2583334635
1579000 17.2561804082
1580000 17.255495332
1581000 17.2549839911
1582000 17.2571608137
1583000 17.2597006339
1584000 17.2642450546
1585000 17.2691874109
1586000 17.2740470716
1587000 17.2779686236
1588000 17.2820949497
1589000 17.2825141094
1590000 17.2814789721
1591000 17.2781777529
1592000 17.2741880654
1593000 17.26939929
1594000 17.2636915279
1595000 17.2592955358
1596000 17.2555174541
1597000 17.2534098947
1598000 17.2507890144
1599000 17.2482325587
1600000 17.2479799081
1601000 17.2465855669
1602000 17.2465069363
1603000 17.2448357606
1604000 17.2433050309
1605000 17.2436375436
1606000 17.2412899968
1607000 17.2378794954
1608000 17.2339115982
1609000 17.2321209046
1610000 17.2302757707
1611000 17.2273504163
1612000 17.2261803987
1613000 17.2266356842
1614000 17.2284298994
1615000 17.2336311494
1616000 17.241337428
1617000 17.2484465589
1618000 17.2565433906
1619000 17.2658083268
1620000 17.2751609417
1621000 17.2835255123
1622000 17.2896664772
1623000 17.2949574787
1624000 17.3007737171
1625000 17.3034302677
1626000 17.3058030598
1627000 17.309001213
1628000 17.3129469736
1629000 17.315575521
1630000 17.3156992046
1631000 17.313590059
1632000 17.31090504
1633000 17.3050412954
1634000 17.2975674544
1635000 17.2894362501
1636000 17.2793425258
1637000 17.2689739548
1638000 17.2590251342
1639000 17.250389611
1640000 17.2456324833
1641000 17.2442603265
1642000 17.2439204215
1643000 17.2456409575
1644000 17.2487001304
1645000 17.2525628016
1646000 17.257680465
1647000 17.2618943581
1648000 17.2632804327
1649000 17.262394544
1650000 17.2619159285
1651000 17.2607248282
1652000 17.25888758
1653000 17.2579349836
1654000 17.2580988659
1655000 17.2554239202
1656000 17.2519444685
1657000 17.2446554601
1658000 17.2376889423
1659000 17.2301747483
1660000 17.2214143155
1661000 17.2118570554
1662000 17.203080397
1663000 17.1954157901
1664000 17.1900510674
1665000 17.1853782033
1666000 17.1847004331
1667000 17.1850567941
1668000 17.1896496524
1669000 17.1975378934
1670000 17.2088670648
1671000 17.2259651232
1672000 17.2462434307
1673000 17.2651860261
1674000 17.2846186303
1675000 17.303639826
1676000 17.3214005813
1677000 17.333885642
1678000 17.3443580055
1679000 17.3511106889
1680000 17.3527226091
1681000 17.34922701
1682000 17.3404828021
1683000 17.3281014578
1684000 17.3130172061
1685000 17.2966860485
1686000 17.2796494134
1687000 17.2633136198
1688000 17.2493525937
1689000 17.2411213024
1690000 17.2333243448
1691000 17.2264296969
1692000 17.2207009614
1693000 17.2194200348
1694000 17.2191049376
1695000 17.216865787
1696000 17.2130960906
1697000 17.213567209
1698000 17.2158491276
1699000 17.2187052299
1700000 17.2215650576
1701000 17.2272259651
1702000 17.2367480525
1703000 17.2467494916
1704000 17.2556160127
1705000 17.2645019659
1706000 17.2738230294
1707000 17.2834600741
1708000 17.28947291
1709000 17.2928789741
1710000 17.2924341795
1711000 17.2894153579
1712000 17.285162532
1713000 17.2792048882
1714000 17.272278099
1715000 17.2660091661
1716000 17.2617564295
1717000 17.2576984249
1718000 17.2566697793
1719000 17.2556529887
1720000 17.2563944681
1721000 17.259415034
1722000 17.2637159856
1723000 17.2700465296
1724000 17.2800932353
1725000 17.2899802775
1726000 17.3007650497
1727000 17.3096480862
1728000 17.3163585484
1729000 17.3213174242
1730000 17.324302652
1731000 17.3255354981
1732000 17.3238122504
1733000 17.3208865315
1734000 17.3165371706
1735000 17.3117621748
1736000 17.306508047
1737000 17.3017509359
1738000 17.2984904901
1739000 17.296459354
1740000 17.293127799
1741000 17.2894357053
1742000 17.2866232272
1743000 17.2859314434
1744000 17.2838375737
1745000 17.281281149
1746000 17.2769820891
1747000 17.2724268558
1748000 17.265543042
1749000 17.2580460786
1750000 17.2474822894
1751000 17.2368097311
1752000 17.2261402145
1753000 17.2150588083
1754000 17.2086484482
1755000 17.2009136934
1756000 17.19676262
1757000 17.194276889
1758000 17.1945677643
1759000 17.1998267225
1760000 17.2087866379
1761000 17.2179373604
1762000 17.2287988282
1763000 17.2431944599
1764000 17.256356209
1765000 17.2710159938
1766000 17.2833586114
1767000 17.2929227962
1768000 17.3006198867
1769000 17.3059819682
1770000 17.3062623524
1771000 17.3005386181
1772000 17.294614939
1773000 17.2874717355
1774000 17.2791584337
1775000 17.2690121967
1776000 17.2581076295
1777000 17.246378354
1778000 17.2348287944
1779000 17.2233090106
1780000 17.2138991235
1781000 17.2046806234
1782000 17.2005751126
1783000 17.1954838114
1784000 17.1926008355
1785000 17.190971158
1786000 17.1938514154
1787000 17.1949417873
1788000 17.1986881676
1789000 17.2051368559
1790000 17.2166705867
1791000 17.2260788884
1792000 17.2358812559
1793000 17.246745682
1794000 17.2576748021
1795000 17.2717610397
1796000 17.2808088164
1797000 17.2856318185
1798000 17.2884523911
1799000 17.2862375182
1800000 17.2801155201
1801000 17.2700302509
1802000 17.2574729445
1803000 17.2435844832
1804000 17.2293006926
1805000 17.2171013638
1806000 17.2075784761
1807000 17.2024756684
1808000 17.2036398403
1809000 17.2106242701
1810000 17.2230773701
1811000 17.2422448992
1812000 17.2617185303
1813000 17.2828490549
1814000 17.3033525835
1815000 17.3188672753
1816000 17.3290402097
1817000 17.3370711132
1818000 17.3400309893
1819000 17.338054233
1820000 17.329704763
1821000 17.3178745443
1822000 17.3044422258
1823000 17.2904361989
1824000 17.2773171188
1825000 17.2654445642
1826000 17.2525308708
1827000 17.2412086148
1828000 17.2298512899
1829000 17.2199635347
1830000 17.2115149948
1831000 17.204690803
1832000 17.1989695596
1833000 17.1946341177
1834000 17.1934882625
1835000 17.1945906067
1836000 17.1982077426
1837000 17.2046524315
1838000 17.2155781712
1839000 17.2286407063
1840000 17.2436932318
1841000 17.2592546671
1842000 17.2741645993
1843000 17.2868650301
1844000 17.2980585704
1845000 17.3059900074
1846000 17.3127152658
1847000 17.3178408996
1848000 17.3209913355
1849000 17.3187734943
1850000 17.3124564416
1851000 17.3034752343
1852000 17.2919175097
1853000 17.2787326705
1854000 17.2666611388
1855000 17.2530471907
1856000 17.2415379738
1857000 17.2346022116
1858000 17.2314141515
1859000 17.2303554744
1860000 17.2345028325
1861000 17.2415500657
1862000 17.2520745565
1863000 17.2614111496
1864000 17.2708577621
1865000 17.2783329924
1866000 17.2831962961
1867000 17.2872874582
1868000 17.2883887153
1869000 17.2868523171
1870000 17.2827142148
1871000 17.2776592796
1872000 17.2725715594
1873000 17.2671652887
1874000 17.2627281547
1875000 17.2569988239
1876000 17.2534744446
1877000 17.2511207806
1878000 17.2488867673
1879000 17.2452789886
1880000 17.2378809026
1881000 17.2297067329
1882000 17.2211861001
1883000 17.2151640329
1884000 17.2075355525
1885000 17.199866943
1886000 17.1942675209
1887000 17.1943826415
1888000 17.1955238357
1889000 17.1990734882
1890000 17.2050172054
1891000 17.2134661812
1892000 17.2233186697
1893000 17.2333862319
1894000 17.2426455601
1895000 17.2502340479
1896000 17.253891995
1897000 17.2563812223
1898000 17.2562223685
1899000 17.2538004697
1900000 17.2503671877
1901000 17.2479159391
1902000 17.2483744023
1903000 17.248708177
1904000 17.2500373572
1905000 17.2542954323
1906000 17.2597524005
1907000 17.2694945706
1908000 17.2795597287
1909000 17.2875219409
1910000 17.2952098506
1911000 17.3029620535
1912000 17.3084841828
1913000 17.3103421233
1914000 17.3093518696
1915000 17.3072491099
1916000 17.3059847789
1917000 17.3043721685
1918000 17.3023420134
1919000 17.300142954
1920000 17.2985457141
1921000 17.2960543916
1922000 17.2921408253
1923000 17.2868327586
1924000 17.2806215038
1925000 17.2744304468
1926000 17.2692033536
1927000 17.2666940726
1928000 17.2629636192
1929000 17.2606085415
1930000 17.2600397534
1931000 17.2616264048
1932000 17.2609015035
1933000 17.2597570011
1934000 17.2578578066
1935000 17.2543349449
1936000 17.2500130217
1937000 17.243626185
1938000 17.2375219635
1939000 17.2319896842
1940000 17.2281286784
1941000 17.2277290563
1942000 17.2277323723
1943000 17.2265517214
1944000 17.2252717133
1945000 17.2254980412
1946000 17.2246684012
1947000 17.2230384791
1948000 17.2233846651
1949000 17.2269150043
1950000 17.2323094281
1951000 17.2391418551
1952000 17.2464455931
1953000 17.2567713022
1954000 17.2689270283
1955000 17.2830078485
1956000 17.297867227
1957000 17.3107839462
1958000 17.3209816898
1959000 17.3284715921
1960000 17.3318942767
1961000 17.3352584394
1962000 17.3369593801
1963000 17.3365835941
1964000 17.3339887283
1965000 17.3313416156
1966000 17.329827495
1967000 17.3254062676
1968000 17.318906289
1969000 17.3099138305
1970000 17.3012138454
1971000 17.2886761267
1972000 17.2737916769
1973000 17.2583130556
1974000 17.2419923398
1975000 17.227774087
1976000 17.2165189376
1977000 17.2057041773
1978000 17.1977632578
1979000 17.1917786195
1980000 17.189263892
1981000 17.1909199987
1982000 17.1951733761
1983000 17.202431414
1984000 17.2115873735
1985000 17.2222589177
1986000 17.2329122961
1987000 17.2394938374
1988000 17.2430100765
1989000 17.2428767675
1990000 17.2389798237
1991000 17.2334098119
1992000 17.2277257029
1993000 17.2193605118
1994000 17.2114547134
1995000 17.206014462
1996000 17.2036102281
1997000 17.205458797
1998000 17.2114586934
1999000 17.2183889845
2000000 17.2280885967
2001000 17.2401369798
2002000 17.2493587653
2003000 17.2580321417
2004000 17.2658433994
2005000 17.2733992631
2006000 17.2817271975
2007000 17.2851737678
2008000 17.2869548122
2009000 17.2872611649
2010000 17.286890524
2011000 17.2844444672
2012000 17.2811156923
2013000 17.277965632
2014000 17.2729158049
2015000 17.2675289576
2016000 17.2618359455
2017000 17.257579982
2018000 17.2556943619
2019000 17.2530217059
2020000 17.2501451668
2021000 17.2482601753
2022000 17.2482298557
2023000 17.2503051653
2024000 17.2535900803
2025000 17.2573738342
2026000 17.2601763546
2027000 17.2619917903
2028000 17.2637453383
2029000 17.2652997934
2030000 17.26453878
2031000 17.2643472938
2032000 17.2649669087
2033000 17.2664535188
2034000 17.269701909
2035000 17.2767499823
2036000 17.2829307515
2037000 17.2860290736
2038000 17.2869799512
2039000 17.2848852247
2040000 17.2805502517
2041000 17.2756578972
2042000 17.2661087126
2043000 17.2545838488
2044000 17.2424750201
2045000 17.231004856
2046000 17.2198066738
2047000 17.212183076
2048000 17.2078948807
2049000 17.2088878499
2050000 17.2101042646
2051000 17.2121424021
2052000 17.2154732876
2053000 17.2222119955
2054000 17.2302911782
2055000 17.2398721539
2056000 17.2503415848
2057000 17.2597563641
2058000 17.2726474549
2059000 17.2890090986
2060000 17.3051067908
2061000 17.3187992792
2062000 17.3303178322
2063000 17.340611929
2064000 17.3479881849
2065000 17.3512540786
2066000 17.3505993502
2067000 17.3455980946
2068000 17.3393774721
2069000 17.3283536323
2070000 17.3141021595
2071000 17.2962202144
2072000 17.2776564605
2073000 17.2604605097
2074000 17.244435676
2075000 17.2310465682
2076000 17.221203689
2077000 17.2155148847
2078000 17.2130662058
2079000 17.2127099488
2080000 17.2148495494
2081000 17.2192441366
2082000 17.2235546845
2083000 17.229912714
2084000 17.2366813201
2085000 17.2405540473
2086000 17.241592285
2087000 17.238494712
2088000 17.233173921
2089000 17.2257598573
2090000 17.2155200259
2091000 17.2038827865
2092000 17.1918470495
2093000 17.1830559185
2094000 17.1749853301
2095000 17.1690463448
2096000 17.1669027738
2097000 17.169781328
2098000 17.1760466972
2099000 17.1842798914
2100000 17.1951518769
2101000 17.2076816197
2102000 17.2235910636
2103000 17.2418313328
2104000 17.259260933
2105000 17.2761619834
2106000 17.2916772516
2107000 17.3052450592
2108000 17.3164883521
2109000 17.3231364598
2110000 17.327153965
2111000 17.3296440725
2112000 17.332259625
2113000 17.3366299395
2114000 17.3395600669
2115000 17.3402983646
2116000 17.3371119114
2117000 17.3297268654
2118000 17.3182490475
2119000 17.3035713238
2120000 17.2866628379
2121000 17.2663705579
2122000 17.2467675579
2123000 17.2274093873
2124000 17.2090979765
2125000 17.1921153719
2126000 17.1784785014
2127000 17.1695214111
2128000 17.1655059618
2129000 17.1651187339
2130000 17.1714988959
2131000 17.1841660881
2132000 17.1993214295
2133000 17.2172143682
2134000 17.2384521568
2135000 17.2572151304
2136000 17.2728840704
2137000 17.2871819226
2138000 17.3002456485
2139000 17.3078326439
2140000 17.3121863166
2141000 17.3136404925
2142000 17.3124725368
2143000 17.310564386
2144000 17.3059624005
2145000 17.2962795987
2146000 17.2851969007
2147000 17.2736167477
2148000 17.2613854229
2149000 17.2503654939
2150000 17.2413419989
2151000 17.231704383
2152000 17.225370648
2153000 17.2169198022
2154000 17.2100371807
2155000 17.207482558
2156000 17.2069490635
2157000 17.2115491965
2158000 17.2172773294
2159000 17.2268382613
2160000 17.2365329711
2161000 17.2512853085
2162000 17.2670439662
2163000 17.280902102
2164000 17.2936023333
2165000 17.3039331672
2166000 17.3147335909
2167000 17.3219909429
2168000 17.3274973412
2169000 17.3294343398
2170000 17.3287201307
2171000 17.3267355119
2172000 17.3236410691
2173000 17.3192233157
2174000 17.3134376729
2175000 17.307131871
2176000 17.299503202
2177000 17.2915091354
2178000 17.284842534
2179000 17.2771288721
2180000 17.2693214416
2181000 17.2630927143
2182000 17.2574438412
2183000 17.2521688257
2184000 17.2501395832
2185000 17.2474107008
2186000 17.2465643607
2187000 17.2468802143
2188000 17.247520918
2189000 17.2473299533
2190000 17.2461765885
2191000 17.2450443392
2192000 17.2401214704
2193000 17.2344628767
2194000 17.2285671031
2195000 17.2237195015
2196000 17.2187501329
2197000 17.2164607929
2198000 17.2165842831
2199000 17.2179247147
2200000 17.2207299984
2201000 17.2252159185
2202000 17.229735277
2203000 17.2344558116
2204000 17.2388680593
2205000 17.2427865772
2206000 17.2455960064
2207000 17.2483603574
2208000 17.2515093114
2209000 17.2531530993
2210000 17.2553158883
2211000 17.2582369395
2212000 17.2621773834
2213000 17.2674308187
2214000 17.2747916753
2215000 17.2819666973
2216000 17.2897313407
2217000 17.2936130812
2218000 17.2981588114
2219000 17.2984530757
2220000 17.2981152342
2221000 17.2969141911
2222000 17.2950704311
2223000 17.2937358658
2224000 17.2942220013
2225000 17.2970117563
2226000 17.2999357436
2227000 17.3007560545
2228000 17.3000318557
2229000 17.29692185
2230000 17.2914054971
2231000 17.2842172129
2232000 17.2768860869
2233000 17.2686248562
2234000 17.2605396044
2235000 17.2536959339
2236000 17.2493930634
2237000 17.2462671943
2238000 17.2446426359
2239000 17.2437380295
2240000 17.242346672
2241000 17.240981092
2242000 17.2388971845
2243000 17.2365045821
2244000 17.2352830902
2245000 17.2349760268
2246000 17.2371882133
2247000 17.2394589507
2248000 17.2429195511
2249000 17.2478082112
2250000 17.2526045286
2251000 17.2593064388
2252000 17.2680322255
2253000 17.2766775477
2254000 17.2855977091
2255000 17.2949328329
2256000 17.3014126397
2257000 17.3064564813
2258000 17.3101147019
2259000 17.3096000338
2260000 17.3055219043
2261000 17.2988512128
2262000 17.2887223168
2263000 17.276553175
2264000 17.26312805
2265000 17.2511301493
2266000 17.2427745654
2267000 17.237892646
2268000 17.234314517
2269000 17.2329340277
2270000 17.2357003509
2271000 17.2431311157
2272000 17.2519649274
2273000 17.2597741811
2274000 17.2682963294
2275000 17.2766304446
2276000 17.2845533923
2277000 17.288566705
2278000 17.2900914091
2279000 17.2903950416
2280000 17.2903327149
2281000 17.2894028749
2282000 17.2880195248
2283000 17.2846189123
2284000 17.2805784171
2285000 17.2765863573
2286000 17.2712897453
2287000 17.2660647692
