0 0.0
1000 14.0544647599
2000 16.6822624416
3000 17.1839950822
4000 17.2335049493
5000 17.1933996538
6000 17.144566857
7000 17.104001198
8000 17.0755660867
9000 17.0567772621
10000 17.0454199848
11000 17.0441861835
12000 17.0467877632
13000 17.0508954875
14000 17.0577240031
15000 17.0672501062
16000 17.0728849242
17000 17.0769145555
18000 17.0794870068
19000 17.0819970015
20000 17.0850025332
21000 17.0882756203
22000 17.0906829407
23000 17.0933339041
24000 17.0925596523
25000 17.0923107773
26000 17.0912057499
27000 17.0870376662
28000 17.080156619
29000 17.0707665358
30000 17.0598782853
31000 17.050753002
32000 17.0428900106
33000 17.0368085161
34000 17.037203726
35000 17.0440995694
36000 17.0534268395
37000 17.063654795
38000 17.0768516957
39000 17.0925132081
40000 17.1104486749
41000 17.1267978443
42000 17.1407944877
43000 17.156077461
44000 17.1689187942
45000 17.1797901489
46000 17.188645069
47000 17.1935491203
48000 17.1952302957
49000 17.194342372
50000 17.1899804557
51000 17.182560864
52000 17.172017679
53000 17.159819412
54000 17.1469010124
55000 17.1325851008
56000 17.1177518781
57000 17.102360356
58000 17.0877174781
59000 17.0758630448
60000 17.0677985116
61000 17.0650427592
62000 17.0639602696
63000 17.0622373581
64000 17.0585688981
65000 17.0552390479
66000 17.0534595614
67000 17.051629443
68000 17.0527694926
69000 17.0556103605
70000 17.0613043436
71000 17.068645863
72000 17.0757359231
73000 17.082735615
74000 17.0914397137
75000 17.1007233226
76000 17.1066107434
77000 17.1114382385
78000 17.1171046216
79000 17.1223882993
80000 17.126319326
81000 17.128504469
82000 17.1303096679
83000 17.1323853641
84000 17.1331454272
85000 17.1347991516
86000 17.1365152537
87000 17.1432874584
88000 17.1486283086
89000 17.1553282428
90000 17.1627671865
91000 17.1721793263
92000 17.1798740824
93000 17.1867657052
94000 17.1905005739
95000 17.1919448477
96000 17.1899012195
97000 17.1853737092
98000 17.1769887287
99000 17.1672609587
100000 17.1563259216
101000 17.1452927513
102000 17.1344444144
103000 17.1237026668
104000 17.1137588045
105000 17.1046614283
106000 17.0961756929
107000 17.0891010953
108000 17.0815990617
109000 17.0769264159
110000 17.0687889439
111000 17.0635921487
112000 17.0622030811
113000 17.0672013742
114000 17.0766485193
115000 17.0879547962
116000 17.1000551733
117000 17.1102167729
118000 17.1192601879
119000 17.1268684405
120000 17.1321797477
121000 17.1351795029
122000 17.129923639
123000 17.1216001116
124000 17.112516651
125000 17.1063236316
126000 17.1004519749
127000 17.0986556781
128000 17.0995361337
129000 17.1053507825
130000 17.1126781123
131000 17.1216177772
132000 17.1307012625
133000 17.1405593677
134000 17.1486440548
135000 17.1512137801
136000 17.1511781502
137000 17.147484121
138000 17.1396364128
139000 17.1303214736
140000 17.1224361928
141000 17.114716855
142000 17.106616904
143000 17.0998798696
144000 17.0951056714
145000 17.0931778146
146000 17.0919532045
147000 17.0919572269
148000 17.093175854
149000 17.0908056743
150000 17.0887708598
151000 17.0885928224
152000 17.0906161246
153000 17.0927849017
154000 17.0977954528
155000 17.105866404
156000 17.1146858757
157000 17.1244147032
158000 17.136102649
159000 17.1516133826
160000 17.1680903032
161000 17.1839966138
162000 17.1973330757
163000 17.2069510899
164000 17.2138757887
165000 17.215262652
166000 17.2106911911
167000 17.2044389202
168000 17.194941563
169000 17.1825117235
170000 17.1680305088
171000 17.1524793199
172000 17.1367615793
173000 17.1207043042
174000 17.106641876
175000 17.0941551257
176000 17.0848629542
177000 17.0801057416
178000 17.0790745725
179000 17.0809717004
180000 17.0858441549
181000 17.0926075177
182000 17.1024334141
183000 17.113169792
184000 17.1258442183
185000 17.138218681
186000 17.1460388223
187000 17.1516543248
188000 17.1535756837
189000 17.1524624669
190000 17.1497563958
191000 17.1443285834
192000 17.1376970577
193000 17.1322307185
194000 17.1258448351
195000 17.1212171852
196000 17.1209983262
197000 17.1237581473
198000 17.1325701258
199000 17.1424365171
200000 17.1530528969
201000 17.1645818071
202000 17.1767865696
203000 17.1874062399
204000 17.1964639683
205000 17.1993049087
206000 17.1987044819
207000 17.1977825638
208000 17.1935099756
209000 17.1862079048
210000 17.1781703307
211000 17.1668444683
212000 17.154553463
213000 17.1412907141
214000 17.1288234465
215000 17.1164906405
216000 17.1038976864
217000 17.0928246998
218000 17.0852510801
219000 17.0788465524
220000 17.0759628913
221000 17.0770004197
222000 17.0823300924
223000 17.0908452213
224000 17.1025002934
225000 17.1160745577
226000 17.132309011
227000 17.1527151036
228000 17.1722525724
229000 17.1883281273
230000 17.2013030006
231000 17.2108004415
232000 17.2169774542
233000 17.2213137265
234000 17.2250494066
235000 17.2250842899
236000 17.2240845541
237000 17.2200403812
238000 17.2134075411
239000 17.2035343713
240000 17.1896200812
241000 17.1724924558
242000 17.1527270274
243000 17.1278238202
244000 17.1015871335
245000 17.0784662291
246000 17.0593358835
247000 17.0468538805
248000 17.0362346022
249000 17.0323133852
250000 17.0354896403
251000 17.0437404316
252000 17.0585726637
253000 17.0785016472
254000 17.1020345755
255000 17.1285263721
256000 17.1554910643
257000 17.178987726
258000 17.1978256134
259000 17.2118778915
260000 17.2228487685
261000 17.2300534782
262000 17.2363874593
263000 17.241375096
264000 17.2445306638
265000 17.2475979949
266000 17.2503597202
267000 17.2496978915
268000 17.2467114401
269000 17.2400123584
270000 17.22903462
271000 17.2133237145
272000 17.1938309463
273000 17.1722191698
274000 17.1489797012
275000 17.1267493491
276000 17.1075606997
277000 17.0937596457
278000 17.0869554992
279000 17.0885031833
280000 17.0965075591
281000 17.1087799479
282000 17.1252248442
283000 17.1452562668
284000 17.1654488091
285000 17.1862821317
286000 17.2037583422
287000 17.2163649509
288000 17.2230020595
289000 17.2232763542
290000 17.2176550854
291000 17.2078161955
292000 17.195182077
293000 17.1820760227
294000 17.1698692467
295000 17.1595632652
296000 17.1511625953
297000 17.1440968335
298000 17.1376899707
299000 17.1318605271
300000 17.1275790864
301000 17.126641723
302000 17.1308573963
303000 17.1353923553
304000 17.1438855602
305000 17.1561924718
306000 17.1700702646
307000 17.1850700178
308000 17.2002636666
309000 17.2117929557
310000 17.2191107796
311000 17.2225540798
312000 17.2215858432
313000 17.2149287436
314000 17.2031771845
315000 17.1889881617
316000 17.1714854766
317000 17.1509912384
318000 17.1296369619
319000 17.1107068182
320000 17.0926915878
321000 17.0770404134
322000 17.0644676148
323000 17.0563317014
324000 17.0532993429
325000 17.0552455337
326000 17.0620771106
327000 17.0732634761
328000 17.088875987
329000 17.1071663561
330000 17.1230796304
331000 17.1377804098
332000 17.1509283935
333000 17.1641465565
334000 17.1762929344
335000 17.1843113802
336000 17.1895886963
337000 17.1928930495
338000 17.1922431284
339000 17.1876504316
340000 17.1763048352
341000 17.1608680714
342000 17.1438950819
343000 17.123697695
344000 17.1019501921
345000 17.0788383743
346000 17.0578197007
347000 17.0418979413
348000 17.0307948639
349000 17.0238029219
350000 17.0232858103
351000 17.027401687
352000 17.0387318022
353000 17.0557334847
354000 17.0767514535
355000 17.1026665942
356000 17.1287900922
357000 17.1566634666
358000 17.1823266329
359000 17.205806579
360000 17.2287705384
361000 17.2446361986
362000 17.2584060541
363000 17.2678834715
364000 17.2732420874
365000 17.2733041406
366000 17.2684165394
367000 17.2606682608
368000 17.250482392
369000 17.2380984648
370000 17.2253240912
371000 17.2131757754
372000 17.2029529712
373000 17.1910951389
374000 17.1810460562
375000 17.1707088495
376000 17.1617289742
377000 17.1551343014
378000 17.151250408
379000 17.1492362751
380000 17.1474545651
381000 17.1477746834
382000 17.1510007305
383000 17.1558301189
384000 17.1597831745
385000 17.1651769004
386000 17.1718400635
387000 17.1769149304
388000 17.1818992847
389000 17.1877568842
390000 17.1953434071
391000 17.2012511219
392000 17.207209379
393000 17.2139440151
394000 17.2206643666
395000 17.2265714609
396000 17.2312486557
397000 17.2337389011
398000 17.2339994963
399000 17.2305076858
400000 17.2225709299
401000 17.213214729
402000 17.2016489829
403000 17.1846504548
404000 17.1665120635
405000 17.1475060845
406000 17.1300019881
407000 17.1151734899
408000 17.1050560382
409000 17.0979282296
410000 17.0946184776
411000 17.0962329943
412000 17.1005965391
413000 17.1081319359
414000 17.1177795358
415000 17.1283271674
416000 17.1406049314
417000 17.1542334158
418000 17.1694830675
419000 17.1859553425
420000 17.2021117377
421000 17.2158914836
422000 17.2281289652
423000 17.2361987931
424000 17.2422448128
425000 17.2481399104
426000 17.2502389456
427000 17.2519171756
428000 17.2525599001
429000 17.2532513159
430000 17.250988007
431000 17.2455739211
432000 17.2359778104
433000 17.2246104585
434000 17.2106532072
435000 17.1946889073
436000 17.1797578422
437000 17.1646843453
438000 17.1533638308
439000 17.1460749983
440000 17.1413060168
441000 17.1416586606
442000 17.1451197131
443000 17.1492229709
444000 17.1546364457
445000 17.161701871
446000 17.1693692024
447000 17.1777762755
448000 17.1872731738
449000 17.1982727509
450000 17.2088012367
451000 17.2174769765
452000 17.2228501035
453000 17.2260694748
454000 17.2257904374
455000 17.222608776
456000 17.2174184103
457000 17.2128142742
458000 17.2106384556
459000 17.2085604185
460000 17.2087580385
461000 17.209474013
462000 17.2089622478
463000 17.2064529538
464000 17.2014481414
465000 17.1957481143
466000 17.1868619965
467000 17.1789709971
468000 17.1712477465
469000 17.1670064756
470000 17.1645950065
471000 17.166314397
472000 17.167410841
473000 17.1717045596
474000 17.1790579238
475000 17.1848869579
476000 17.1902295678
477000 17.1965032563
478000 17.2047041159
479000 17.2137498758
480000 17.2245674155
481000 17.2365948664
482000 17.2444470115
483000 17.2494418208
484000 17.2503188064
485000 17.2476776203
486000 17.2418713206
487000 17.2331245529
488000 17.2243448101
489000 17.2168755819
490000 17.2112127557
491000 17.2019373825
492000 17.1920870985
493000 17.1813014759
494000 17.1690768591
495000 17.1566968082
496000 17.1454478705
497000 17.1310724084
498000 17.1166634396
499000 17.105293885
500000 17.0981883924
501000 17.0951710704
502000 17.0926504203
503000 17.0918541393
504000 17.0953220984
505000 17.1062274025
506000 17.1230575472
507000 17.141048027
508000 17.1590129811
509000 17.1749495565
510000 17.1916884853
511000 17.2089137923
512000 17.2217512283
513000 17.2319934236
514000 17.2406513998
515000 17.2469138094
516000 17.2536310221
517000 17.2603450217
518000 17.2662091082
519000 17.2718475664
520000 17.2763024104
521000 17.280683537
522000 17.2837807785
523000 17.2837272843
524000 17.2807747353
525000 17.275255345
526000 17.2688520188
527000 17.2621736979
528000 17.2528459289
529000 17.241913532
530000 17.2315836713
531000 17.2229992068
532000 17.2155754554
533000 17.2088956138
534000 17.2034027867
535000 17.1976854417
536000 17.1955489532
537000 17.1949815302
538000 17.19210302
539000 17.1882721653
540000 17.1841242435
541000 17.1799417082
542000 17.1756992365
543000 17.17195433
544000 17.1696885832
545000 17.1705677241
546000 17.1719049483
547000 17.1749204415
548000 17.1795545134
549000 17.1861387902
550000 17.1946602417
551000 17.2047690861
552000 17.2142721717
553000 17.2229005791
554000 17.2296222828
555000 17.2337897203
556000 17.2343004675
557000 17.2315203228
558000 17.2272229196
559000 17.2216905569
560000 17.215031485
561000 17.2074780277
562000 17.1974977673
563000 17.1881130655
564000 17.1794770333
565000 17.171778417
566000 17.1650925237
567000 17.1591801245
568000 17.1541236049
569000 17.1499579161
570000 17.1469447931
571000 17.1435625766
572000 17.1407673622
573000 17.1408444265
574000 17.1441457161
575000 17.1494509675
576000 17.1595301643
577000 17.1708460608
578000 17.1839682682
579000 17.1982674553
580000 17.2117420144
581000 17.2226389376
582000 17.2300331177
583000 17.2357993667
584000 17.2351504334
585000 17.2314217647
586000 17.2267369037
587000 17.2235902072
588000 17.2200247178
589000 17.2166944516
590000 17.2134649943
591000 17.2105619795
592000 17.2087876144
593000 17.2065096189
594000 17.205362643
595000 17.2045121668
596000 17.2051207896
597000 17.2080154441
598000 17.21329368
599000 17.2209113137
600000 17.2308284639
601000 17.2407519895
602000 17.254310149
603000 17.265757385
604000 17.2768974866
605000 17.2861370391
606000 17.2926325995
607000 17.2964804367
608000 17.2985436678
609000 17.2961548311
610000 17.2912720348
611000 17.2852918774
612000 17.2738563635
613000 17.2606382643
614000 17.2454198163
615000 17.2310412659
616000 17.2168331163
617000 17.1994161007
618000 17.1829007108
619000 17.1684526534
620000 17.1608803955
621000 17.1551193178
622000 17.1515693585
623000 17.1513919711
624000 17.1566644431
625000 17.1672974861
626000 17.1785560572
627000 17.1902471726
628000 17.2007668723
629000 17.211844263
630000 17.2221697431
631000 17.228832512
632000 17.2308313932
633000 17.2295468786
634000 17.2255936452
635000 17.2182683523
636000 17.208574135
637000 17.1974708945
638000 17.1852912225
639000 17.1742631931
640000 17.1656028574
641000 17.1583589213
642000 17.1544581475
643000 17.1538838719
644000 17.1573498695
645000 17.1655321559
646000 17.1764213755
647000 17.1887014454
648000 17.2035077621
649000 17.2228949205
650000 17.2428458706
651000 17.2653163291
652000 17.2836955082
653000 17.3001800614
654000 17.3116221186
655000 17.3164129272
656000 17.3126648476
657000 17.3023752572
658000 17.2892118841
659000 17.2701204268
660000 17.2483299415
661000 17.2247720873
662000 17.2009873118
663000 17.1778355011
664000 17.1567532368
665000 17.1387524557
666000 17.1240392855
667000 17.1137726469
668000 17.1081010554
669000 17.1072913918
670000 17.1114239989
671000 17.1210526205
672000 17.1343747713
673000 17.1514562586
674000 17.1703695287
675000 17.1906921231
676000 17.2109437019
677000 17.2297273596
678000 17.247116351
679000 17.2615256174
680000 17.2720565315
681000 17.2784996248
682000 17.2798342421
683000 17.2771438971
684000 17.2686616316
685000 17.2537298343
686000 17.2337188788
687000 17.211475195
688000 17.1876807304
689000 17.1637972898
690000 17.1434503946
691000 17.1298433555
692000 17.1202806343
693000 17.1169276393
694000 17.1212005132
695000 17.1314406026
696000 17.1436425855
697000 17.1573202855
698000 17.173818004
699000 17.1887378453
700000 17.2040260439
701000 17.2214478596
702000 17.2368613904
703000 17.2539547112
704000 17.2715128526
705000 17.2856054719
706000 17.2973000506
707000 17.3035540919
708000 17.3051013504
709000 17.3031917221
710000 17.2979323053
711000 17.2901719627
712000 17.2799651753
713000 17.2689341168
714000 17.2565361308
715000 17.2439172352
716000 17.2330398854
717000 17.2259329538
718000 17.2228885221
719000 17.2230866671
720000 17.2256192503
721000 17.2244246895
722000 17.2244893452
723000 17.2252636881
724000 17.2225341586
725000 17.2172627192
726000 17.2105778274
727000 17.2042199032
728000 17.1996770873
729000 17.195966467
730000 17.1959869373
731000 17.1964297888
732000 17.1974100293
733000 17.1977432726
734000 17.1938161176
735000 17.1876138356
736000 17.1807220141
737000 17.1733252628
738000 17.1654858986
739000 17.1588870627
740000 17.1566275954
741000 17.1610207113
742000 17.1704480243
743000 17.1821627958
744000 17.1958226309
745000 17.2117199685
746000 17.2256954058
747000 17.2383307703
748000 17.2503907632
749000 17.2610955353
750000 17.2688605441
751000 17.2731594322
752000 17.2760726515
753000 17.2791035859
754000 17.2794792601
755000 17.2725266576
756000 17.2620127626
757000 17.2497731861
758000 17.2372836648
759000 17.2271206586
760000 17.2175738825
761000 17.2114586272
762000 17.2055333015
763000 17.2013064678
764000 17.2009422743
765000 17.2009259333
766000 17.2032791436
767000 17.2061678429
768000 17.210275173
769000 17.2165797721
770000 17.2221175673
771000 17.2268914787
772000 17.2327684231
773000 17.2362062043
774000 17.2370646744
775000 17.2350754326
776000 17.2292107216
777000 17.2184732496
778000 17.2044828896
779000 17.1893317854
780000 17.1751944647
781000 17.1629584154
782000 17.1556559378
783000 17.1536640878
784000 17.1560280798
785000 17.1596655245
786000 17.1668316995
787000 17.1762824441
788000 17.1906942157
789000 17.2049449007
790000 17.2200011262
791000 17.231561989
792000 17.2407135702
793000 17.2472559965
794000 17.250821884
795000 17.2524465638
796000 17.2540697834
797000 17.2553931296
798000 17.2593359062
799000 17.2645283376
800000 17.2703359378
801000 17.2751175338
802000 17.2795813298
803000 17.2825700712
804000 17.2807137976
805000 17.2777841557
806000 17.2714193058
807000 17.2622387138
808000 17.2515485109
809000 17.2399507492
810000 17.2278560958
811000 17.2184313758
812000 17.2132878436
813000 17.209353419
814000 17.2091400075
815000 17.2113517581
816000 17.2176293371
817000 17.2242982938
818000 17.2304551293
819000 17.2357357043
820000 17.2410346898
821000 17.2467362142
822000 17.2524531943
823000 17.2562320866
824000 17.2574591857
825000 17.2573875527
826000 17.2540964306
827000 17.2466375418
828000 17.2372155313
829000 17.2279513883
830000 17.2180655902
831000 17.2106173149
832000 17.2076833828
833000 17.2064541032
834000 17.2082675143
835000 17.2107296734
836000 17.2132092821
837000 17.2157347601
838000 17.2162398256
839000 17.2152161303
840000 17.2123440355
841000 17.2085642288
842000 17.205047559
843000 17.2024370194
844000 17.2019191926
845000 17.2058017509
846000 17.2109286299
847000 17.2180583546
848000 17.2255316846
849000 17.2348240033
850000 17.2431572781
851000 17.249185318
852000 17.2549796374
853000 17.2610835762
854000 17.2653848566
855000 17.270051868
856000 17.2763918416
857000 17.286323086
858000 17.2970214265
859000 17.3061352428
860000 17.3141472926
861000 17.3204087632
862000 17.3229090165
863000 17.3221848533
864000 17.3193098426
865000 17.3123055515
866000 17.3018935201
867000 17.2897166504
868000 17.2741519736
869000 17.2555331741
870000 17.2349005707
871000 17.2143536909
872000 17.1919157055
873000 17.1706714981
874000 17.1519921185
875000 17.1373382549
876000 17.1275029691
877000 17.1237291691
878000 17.1264286682
879000 17.1351371341
880000 17.1473271273
881000 17.1637245213
882000 17.1821764076
883000 17.2035231344
884000 17.2218782987
885000 17.2389659925
886000 17.2545234952
887000 17.2657631181
888000 17.2745007393
889000 17.2761308079
890000 17.2722005745
891000 17.2641498864
892000 17.2492818938
893000 17.2312293902
894000 17.2124338399
895000 17.190098106
896000 17.1672942294
897000 17.1481326743
898000 17.1314372877
899000 17.1201688845
900000 17.1146793003
901000 17.116031186
902000 17.1265880679
903000 17.1444947413
904000 17.1640034975
905000 17.1869499105
906000 17.2108517279
907000 17.2356590891
908000 17.2638585521
909000 17.2889844248
910000 17.3132112503
911000 17.3332455666
912000 17.3491511249
913000 17.3586549105
914000 17.3625850502
915000 17.3625001133
916000 17.3602013727
917000 17.3527511635
918000 17.3419834936
919000 17.3282976662
920000 17.312612227
921000 17.2956660872
922000 17.2777097361
923000 17.2570107836
924000 17.2344316233
925000 17.2110632482
926000 17.1857749803
927000 17.1615444317
928000 17.1375228396
929000 17.1161957997
930000 17.0998716948
931000 17.0901715243
932000 17.0905338179
933000 17.0982426277
934000 17.1116924878
935000 17.1316981566
936000 17.1535809767
937000 17.1755689622
938000 17.1979087075
939000 17.2190519435
940000 17.2376048931
941000 17.2530330812
942000 17.2651684596
943000 17.2705387994
944000 17.2701858255
945000 17.2675339613
946000 17.2632669304
947000 17.2599047012
948000 17.2595576941
949000 17.2604978476
950000 17.2653654878
951000 17.2702934522
952000 17.2768090938
953000 17.2819703653
954000 17.2872266724
955000 17.2868730683
956000 17.2838497299
957000 17.2794181059
958000 17.276252775
959000 17.2755997093
960000 17.2765945246
961000 17.2787876005
962000 17.2812484679
963000 17.2860969072
964000 17.2908734354
965000 17.2967253591
966000 17.2998717365
967000 17.2997085509
968000 17.2967595765
969000 17.292942841
970000 17.2875222385
971000 17.2812991084
972000 17.2766811644
973000 17.2719821321
974000 17.2693251303
975000 17.2652426297
976000 17.2598080788
977000 17.2538209836
978000 17.2472829807
979000 17.2429587114
980000 17.2380922778
981000 17.2331441265
982000 17.2286967773
983000 17.2226595328
984000 17.2185350697
985000 17.2097404427
986000 17.2009826772
987000 17.1917868599
988000 17.1841697539
989000 17.1806623245
990000 17.1793947488
991000 17.1824231858
992000 17.1885163323
993000 17.1958560273
994000 17.2049953131
995000 17.2112781525
996000 17.2169383581
997000 17.2220302876
998000 17.2292860274
999000 17.2370830503
1000000 17.2435100522
1001000 17.2510961351
1002000 17.2594703925
1003000 17.2672095482
1004000 17.2735914018
1005000 17.278105239
1006000 17.2797159314
1007000 17.2799628653
1008000 17.2769495458
1009000 17.2720990211
1010000 17.2661678838
1011000 17.259197263
1012000 17.251897011
1013000 17.2449671134
1014000 17.2387613609
1015000 17.233538129
1016000 17.2312242083
1017000 17.2307797865
1018000 17.2333506222
1019000 17.2342087764
1020000 17.2360188979
1021000 17.2422050144
1022000 17.2477707232
1023000 17.2524537292
1024000 17.254906268
1025000 17.2566211268
1026000 17.255608781
1027000 17.2526081247
1028000 17.2472198271
1029000 17.2427721451
1030000 17.2407124978
1031000 17.2376261583
1032000 17.236595505
1033000 17.2356554229
1034000 17.2345197867
1035000 17.2334652958
1036000 17.2320991274
1037000 17.2292591621
1038000 17.2233936849
1039000 17.2156904272
1040000 17.2073182185
1041000 17.1989294326
1042000 17.1912314199
1043000 17.1841706683
1044000 17.1811533997
1045000 17.185094414
1046000 17.1919410896
1047000 17.2026036032
1048000 17.2137426488
1049000 17.2255600188
1050000 17.2386862332
1051000 17.2521185922
1052000 17.2629213808
1053000 17.2729239493
1054000 17.2804357528
1055000 17.2846777777
1056000 17.2859536803
1057000 17.28333313
1058000 17.2786513779
1059000 17.2718956975
1060000 17.262599391
1061000 17.2525810597
1062000 17.244314397
1063000 17.2354009068
1064000 17.2269511795
1065000 17.2211312423
1066000 17.2172719677
1067000 17.2157119741
1068000 17.2160857163
1069000 17.2199277272
1070000 17.2242570072
1071000 17.2307126935
1072000 17.237254133
1073000 17.2437185872
1074000 17.2495335868
1075000 17.2546069529
1076000 17.2567042538
1077000 17.2554960085
1078000 17.2534758658
1079000 17.2520563915
1080000 17.2468379669
1081000 17.2412834762
1082000 17.2377393559
1083000 17.2371996389
1084000 17.2389833491
1085000 17.2389969609
1086000 17.2388893183
1087000 17.2402836814
1088000 17.2416988964
1089000 17.2414761646
1090000 17.2410672986
1091000 17.2406888032
1092000 17.2409777883
1093000 17.2458123607
1094000 17.2520240078
1095000 17.2597108723
1096000 17.2699091022
1097000 17.2817224135
1098000 17.2941602567
1099000 17.3051484493
1100000 17.3128442807
1101000 17.3167100605
1102000 17.3153650149
1103000 17.3088335779
1104000 17.2974154171
1105000 17.2821901298
1106000 17.2645875489
1107000 17.2462569908
1108000 17.2298286789
1109000 17.2134605616
1110000 17.1987746651
1111000 17.1878454246
1112000 17.1775084474
1113000 17.1714602804
1114000 17.1673644734
1115000 17.1659689779
1116000 17.1614231273
1117000 17.1558593647
1118000 17.1503703756
1119000 17.1464569977
1120000 17.1456156551
1121000 17.1454743654
1122000 17.1475285738
1123000 17.1507012594
1124000 17.1565317312
1125000 17.1647154238
1126000 17.1769695597
1127000 17.1901341649
1128000 17.2007954084
1129000 17.2098056467
1130000 17.2164644622
1131000 17.2224169876
1132000 17.2264201026
1133000 17.2263625149
1134000 17.2259207901
1135000 17.2265212628
1136000 17.2282197279
1137000 17.231881983
1138000 17.2369923434
1139000 17.2454905431
1140000 17.2555253453
1141000 17.2646476412
1142000 17.2748064945
1143000 17.286455042
1144000 17.2979010273
1145000 17.3105295031
1146000 17.3213211154
1147000 17.3306329649
1148000 17.3363103144
1149000 17.3372076695
1150000 17.3339705193
1151000 17.3280062964
1152000 17.3196236234
1153000 17.3054877469
1154000 17.2894292034
1155000 17.2720846804
1156000 17.2550091597
1157000 17.2394500448
1158000 17.2235029429
1159000 17.2071453831
1160000 17.1914225511
1161000 17.1769316821
1162000 17.1640886584
1163000 17.1541202419
1164000 17.1486209268
1165000 17.1469658469
1166000 17.1490326041
1167000 17.1522505241
1168000 17.1578363682
1169000 17.1657783082
1170000 17.1746361563
1171000 17.1857510856
1172000 17.1946172297
1173000 17.2037370772
1174000 17.2133751707
1175000 17.2203366171
1176000 17.2273767151
1177000 17.2324858025
1178000 17.2349916171
1179000 17.2359643415
1180000 17.236924526
1181000 17.2382980165
1182000 17.2389285309
1183000 17.2410516858
1184000 17.2440180527
1185000 17.2481394192
1186000 17.2514272037
1187000 17.2547221648
1188000 17.2577719869
1189000 17.2636416268
1190000 17.2711480179
1191000 17.2778444528
1192000 17.2851770336
1193000 17.2941188563
1194000 17.302546161
1195000 17.3114708681
1196000 17.3195660571
1197000 17.3262041861
1198000 17.3307788158
1199000 17.330800954
1200000 17.3263101862
1201000 17.3194938587
1202000 17.312311342
1203000 17.3043791538
1204000 17.2931214984
1205000 17.2804620039
1206000 17.266879062
1207000 17.2554385613
1208000 17.2420791446
1209000 17.2267995437
1210000 17.2109014155
1211000 17.195817146
1212000 17.1831377244
1213000 17.1735063743
1214000 17.1672481955
1215000 17.1647860057
1216000 17.1662784972
1217000 17.1719535923
1218000 17.1793234644
1219000 17.1888676619
1220000 17.199171412
1221000 17.209391787
1222000 17.2175338317
1223000 17.2220564425
1224000 17.2233414248
1225000 17.2214107558
1226000 17.2186092875
1227000 17.2154886548
1228000 17.2132593991
1229000 17.210652179
1230000 17.2078172388
1231000 17.2076545917
1232000 17.2093119217
1233000 17.2134966831
1234000 17.2172921105
1235000 17.2238628155
1236000 17.2317019785
1237000 17.2384994272
1238000 17.2456225424
1239000 17.251719801
1240000 17.2583469819
1241000 17.2639117322
1242000 17.2668159843
1243000 17.2675330679
1244000 17.2659439948
1245000 17.2605773512
1246000 17.2541962386
1247000 17.2477112843
1248000 17.2427759875
1249000 17.2397489866
1250000 17.2386001555
1251000 17.2381484403
1252000 17.2381509983
1253000 17.2375946139
1254000 17.2378268178
1255000 17.2387604129
1256000 17.2379657768
1257000 17.238020891
1258000 17.2383497481
1259000 17.2383173527
1260000 17.2397679404
1261000 17.2420071573
1262000 17.2463938073
1263000 17.2494524528
1264000 17.2520842881
1265000 17.2506105272
1266000 17.2511469762
1267000 17.2498298047
1268000 17.2486137789
1269000 17.247309571
1270000 17.2451638678
1271000 17.2450397867
1272000 17.2446162337
1273000 17.2446671379
1274000 17.2455828616
1275000 17.2476182579
1276000 17.2496050931
1277000 17.2490751607
1278000 17.2457734788
1279000 17.2413539047
1280000 17.232760147
1281000 17.2218011036
1282000 17.2090003049
1283000 17.196139279
1284000 17.1843665844
1285000 17.1742725229
1286000 17.1678751432
1287000 17.1664995647
1288000 17.1707464723
1289000 17.1802309423
1290000 17.1934688091
1291000 17.2098338473
1292000 17.229626986
1293000 17.2488257443
1294000 17.2702345528
1295000 17.2898864644
1296000 17.3078807225
1297000 17.3222150395
1298000 17.3332129839
1299000 17.3418407305
1300000 17.3491459191
1301000 17.3520575059
1302000 17.3493099467
1303000 17.3426315583
1304000 17.3322340612
1305000 17.3184805196
1306000 17.3011969173
1307000 17.2810819087
1308000 17.258886447
1309000 17.2358929448
1310000 17.2137903998
1311000 17.1937948868
1312000 17.176333622
1313000 17.1621617303
1314000 17.152613057
1315000 17.1468037074
1316000 17.1449875043
1317000 17.1494605055
1318000 17.1554318779
1319000 17.16612781
1320000 17.1794359331
1321000 17.1952830027
1322000 17.2115120266
1323000 17.2269787291
1324000 17.2409748297
1325000 17.2541049737
1326000 17.2669559235
1327000 17.2778905118
1328000 17.2855416511
1329000 17.2906686834
1330000 17.2933253321
1331000 17.2959334702
1332000 17.2963464948
1333000 17.2958484097
1334000 17.29301603
1335000 17.2854624139
1336000 17.2747986887
1337000 17.2621809576
1338000 17.2485660295
1339000 17.2320517704
1340000 17.2147702915
1341000 17.1990194537
1342000 17.1842015372
1343000 17.1748334387
1344000 17.1691265965
1345000 17.1676695813
1346000 17.1708924258
1347000 17.1773403693
1348000 17.1877729326
1349000 17.199777481
1350000 17.2138149894
1351000 17.2262261508
1352000 17.23974751
1353000 17.2525241903
1354000 17.2626455451
1355000 17.2700768584
1356000 17.2750434402
1357000 17.2745132268
1358000 17.2701294201
1359000 17.2615313304
1360000 17.2527420659
1361000 17.2429522269
1362000 17.2297443146
1363000 17.2167990123
1364000 17.2070423829
1365000 17.1993805686
1366000 17.1972188799
1367000 17.1974783999
1368000 17.2006476603
1369000 17.2089624007
1370000 17.2221945532
1371000 17.2359631307
1372000 17.249436593
1373000 17.2628034897
1374000 17.2734023554
1375000 17.2818118245
1376000 17.2883772528
1377000 17.2913943051
1378000 17.2908486668
1379000 17.2881515451
1380000 17.2830491451
1381000 17.2763690719
1382000 17.2686671782
1383000 17.2609648198
1384000 17.2507581334
1385000 17.238977225
1386000 17.2267434421
1387000 17.2160505182
1388000 17.2049377594
1389000 17.1959206376
1390000 17.1915912571
1391000 17.190520318
1392000 17.1910882437
1393000 17.1944470866
1394000 17.2003312368
1395000 17.2065738847
1396000 17.2109869865
1397000 17.2146553661
1398000 17.219111761
1399000 17.2213821689
1400000 17.2225591942
1401000 17.2233515748
1402000 17.224370614
1403000 17.226763734
1404000 17.2277561982
1405000 17.22784163
1406000 17.2274589383
1407000 17.2274843915
1408000 17.2283208816
1409000 17.2287056397
1410000 17.2282093335
1411000 17.2291282818
1412000 17.2314172746
1413000 17.2354384833
1414000 17.2393289332
1415000 17.2426746214
1416000 17.2463953493
1417000 17.2509012845
1418000 17.2544925394
1419000 17.2588248667
1420000 17.2603518394
1421000 17.2606974473
1422000 17.2593070039
1423000 17.2554722075
1424000 17.2511221579
1425000 17.246407238
1426000 17.2414663002
1427000 17.2375565652
1428000 17.2373624851
1429000 17.2380281942
1430000 17.240292805
1431000 17.2425471538
1432000 17.2444251959
1433000 17.2452539788
1434000 17.243995899
1435000 17.2418884714
1436000 17.2395436257
1437000 17.2370312288
1438000 17.2351025118
1439000 17.2335889217
1440000 17.2309817707
1441000 17.2286271115
1442000 17.227660792
1443000 17.2278159883
1444000 17.2292361519
1445000 17.2294685834
1446000 17.2293715411
1447000 17.2301865455
1448000 17.2325544695
1449000 17.2360035636
1450000 17.2372328019
1451000 17.2387445805
1452000 17.2394899978
1453000 17.2378815387
1454000 17.2371402892
1455000 17.232777496
1456000 17.2260374819
1457000 17.2201619506
1458000 17.2150132577
1459000 17.2094075975
1460000 17.2040776058
1461000 17.2015222139
1462000 17.2026141911
1463000 17.2105735818
1464000 17.2200151847
1465000 17.2304723072
1466000 17.2429089459
1467000 17.2565762394
1468000 17.2694729377
1469000 17.2807815842
1470000 17.2884217515
1471000 17.2944910028
1472000 17.2947940735
1473000 17.2901924495
1474000 17.2833349055
1475000 17.2756194023
1476000 17.2680006839
1477000 17.2604443468
1478000 17.2531132805
1479000 17.2449447611
1480000 17.2356072531
1481000 17.2262046432
1482000 17.2187727947
1483000 17.2103622611
1484000 17.2041325052
1485000 17.1985125502
1486000 17.1950593166
1487000 17.194094661
1488000 17.1948215153
1489000 17.1989387115
1490000 17.2024224401
1491000 17.2062595909
1492000 17.2109524989
1493000 17.2164504621
1494000 17.2215619627
1495000 17.2246294517
1496000 17.2271046022
1497000 17.2297503715
1498000 17.2331455442
1499000 17.2360284574
1500000 17.2392386781
1501000 17.2444017189
1502000 17.2506056143
1503000 17.2546719734
1504000 17.2594942395
1505000 17.2650552749
1506000 17.2684379183
1507000 17.2713240092
1508000 17.2716248543
1509000 17.269614089
1510000 17.2682157729
1511000 17.262731144
1512000 17.2566350145
1513000 17.2501810992
1514000 17.2413643906
1515000 17.2312846881
1516000 17.2198005437
1517000 17.2072775855
1518000 17.1969556132
1519000 17.1913332858
1520000 17.1897076327
1521000 17.1916651067
1522000 17.2017611576
1523000 17.2170008991
1524000 17.2338132268
1525000 17.2531621379
1526000 17.2736436139
1527000 17.2913888995
1528000 17.3055803658
1529000 17.3157019962
1530000 17.3191906702
1531000 17.3168598365
1532000 17.3102386855
1533000 17.3008062796
1534000 17.2903688512
1535000 17.2810128301
1536000 17.2718951029
1537000 17.2627995301
1538000 17.2525633597
1539000 17.2418751847
1540000 17.2321384613
1541000 17.2249207179
1542000 17.2188370212
1543000 17.2123174469
1544000 17.204741634
1545000 17.1975578965
1546000 17.1913925392
1547000 17.1879172979
1548000 17.1869400772
1549000 17.1835624318
1550000 17.1813677298
1551000 17.1841389975
1552000 17.1910766285
1553000 17.2008702814
1554000 17.2127730144
1555000 17.22829543
1556000 17.2446318817
1557000 17.260031182
1558000 17.2754823837
1559000 17.2897056315
1560000 17.3002091178
1561000 17.3025963389
1562000 17.2999406639
1563000 17.2920482625
1564000 17.2802800144
1565000 17.2680299612
1566000 17.255960777
1567000 17.2464967089
1568000 17.2403149784
1569000 17.2399838652
1570000 17.2431512149
1571000 17.2495064589
1572000 17.2594107856
1573000 17.2681271969
1574000 17.276667891
1575000 17.2820212145
1576000 17.2856553436
1577000 17.2879248641
1578000 17.2874881449
1579000 17.2848151391
1580000 17.2807274584
1581000 17.2748249513
1582000 17.267898475
1583000 17.260615936
1584000 17.2551077384
1585000 17.2463440946
1586000 17.2376113622
1587000 17.2278986275
1588000 17.2169915318
1589000 17.2059523004
1590000 17.1962145229
1591000 17.1871852676
1592000 17.1805730528
1593000 17.1750495243
1594000 17.1717868254
1595000 17.1688584454
1596000 17.1687107211
1597000 17.1717809354
1598000 17.1773790037
1599000 17.1867422968
1600000 17.1974068609
1601000 17.2101114498
1602000 17.225058093
1603000 17.238555471
1604000 17.2524958685
1605000 17.2666634564
1606000 17.2788808564
1607000 17.2898338099
1608000 17.2983690492
1609000 17.3043791713
1610000 17.3075317096
1611000 17.3085380614
1612000 17.307867723
1613000 17.3051904822
1614000 17.300636933
1615000 17.2949539254
1616000 17.2915134237
1617000 17.2852677033
1618000 17.2794243435
1619000 17.2722242532
1620000 17.2639216452
1621000 17.2550581335
1622000 17.2448400221
1623000 17.2347782773
1624000 17.2259741129
1625000 17.2190930166
1626000 17.2145896332
1627000 17.2151295559
1628000 17.2156142599
1629000 17.2165636201
1630000 17.2178232111
1631000 17.2205332065
1632000 17.2219578652
1633000 17.2240493311
1634000 17.2253492307
1635000 17.2281086268
1636000 17.2322324922
1637000 17.2373364896
1638000 17.2422954181
1639000 17.2474864096
1640000 17.2501596645
1641000 17.2518803678
1642000 17.2543210476
1643000 17.254374673
1644000 17.2537845267
1645000 17.2525237886
1646000 17.2473668795
1647000 17.2405653345
1648000 17.2313062249
1649000 17.2223583274
1650000 17.2148426528
1651000 17.2080511806
1652000 17.2044308458
1653000 17.201240578
1654000 17.2019430515
1655000 17.2052105325
1656000 17.2079474574
1657000 17.2120161282
1658000 17.2175132486
1659000 17.2236013486
1660000 17.2309865157
1661000 17.2398186911
1662000 17.2508550066
1663000 17.2665730405
1664000 17.2802080453
1665000 17.2921687505
1666000 17.3015281394
1667000 17.3067430977
1668000 17.3059509204
1669000 17.2973354928
1670000 17.2819008247
1671000 17.2633405989
1672000 17.2454880155
1673000 17.2307955141
1674000 17.2213884243
1675000 17.2147595453
1676000 17.2117795619
1677000 17.2137115539
1678000 17.2196203686
1679000 17.2275774537
1680000 17.2343230551
1681000 17.2403012743
1682000 17.2455357893
1683000 17.2508724333
1684000 17.2545120759
1685000 17.2582819977
1686000 17.2629345371
1687000 17.2668002052
1688000 17.2698835307
1689000 17.273548155
1690000 17.2762876552
1691000 17.2790437439
1692000 17.2768941355
1693000 17.2736818042
1694000 17.2693348801
1695000 17.2621692829
1696000 17.2547135542
1697000 17.2473424792
1698000 17.2428057574
1699000 17.2434715009
1700000 17.2435190518
1701000 17.2472888048
1702000 17.2506848313
1703000 17.2522984624
1704000 17.2508404259
1705000 17.2469518759
1706000 17.2403592541
1707000 17.2302095184
1708000 17.2180195954
1709000 17.2069247638
1710000 17.2004645258
1711000 17.1965744136
1712000 17.1961716899
1713000 17.1982620758
1714000 17.2038836637
1715000 17.2112610523
1716000 17.2173418953
1717000 17.2231013313
1718000 17.2290470892
1719000 17.2335005754
1720000 17.2383356046
1721000 17.2413583794
1722000 17.2449234043
1723000 17.2502080145
1724000 17.255202144
1725000 17.2608518109
1726000 17.2673308406
1727000 17.272166871
1728000 17.273980936
1729000 17.2739707244
1730000 17.2728073953
1731000 17.2707561851
1732000 17.2685808233
1733000 17.2674497916
1734000 17.2653890637
1735000 17.2647744826
1736000 17.2646536274
1737000 17.2635630536
1738000 17.2626533168
1739000 17.2614952306
1740000 17.2588215095
1741000 17.2548814311
1742000 17.2485585647
1743000 17.2432910765
1744000 17.2361245418
1745000 17.2305954079
1746000 17.2241543875
1747000 17.2186815795
1748000 17.2164406477
1749000 17.2201523491
1750000 17.2217357765
1751000 17.2257626248
1752000 17.2294970245
1753000 17.2345680353
1754000 17.2414503317
1755000 17.2506601737
1756000 17.2578549911
1757000 17.2650347273
1758000 17.2714023528
1759000 17.2778813572
1760000 17.2831929535
1761000 17.2857786004
1762000 17.2853904883
1763000 17.2823480914
1764000 17.2776592152
1765000 17.2712209159
1766000 17.2643036522
1767000 17.2574767523
1768000 17.2518884552
1769000 17.2491208876
1770000 17.2483315332
1771000 17.2478890589
1772000 17.2486995322
1773000 17.2508989212
1774000 17.2552993001
1775000 17.2587821783
1776000 17.2622392391
1777000 17.2628110938
1778000 17.2600548688
1779000 17.2571326946
1780000 17.254571613
1781000 17.2532807059
1782000 17.2530084753
1783000 17.2562926006
1784000 17.2585525204
1785000 17.2650916255
1786000 17.2706937819
1787000 17.2741115396
1788000 17.2769594332
1789000 17.2764934072
1790000 17.2748202635
1791000 17.271400924
1792000 17.2671287482
1793000 17.2637589349
1794000 17.2613976738
1795000 17.2615178223
1796000 17.2643328253
1797000 17.2686707349
1798000 17.2747903533
1799000 17.2857372438
1800000 17.2966256215
1801000 17.3069470895
1802000 17.3155159312
1803000 17.3214848678
1804000 17.325429909
1805000 17.3245387318
1806000 17.3204456614
1807000 17.3130129045
1808000 17.3029015199
1809000 17.2908452599
1810000 17.2776387546
1811000 17.2638561546
1812000 17.2490475061
1813000 17.2330216622
1814000 17.2179266033
1815000 17.2042755324
1816000 17.1924916415
1817000 17.1831319607
1818000 17.1775770091
1819000 17.1747787078
1820000 17.1752691843
1821000 17.1782619482
1822000 17.1852610858
1823000 17.1957913863
1824000 17.2065170415
1825000 17.219299023
1826000 17.2337620863
1827000 17.2478613566
1828000 17.2614942831
1829000 17.2721929992
1830000 17.2831277377
1831000 17.2899727342
1832000 17.2933211756
1833000 17.2954379488
1834000 17.2942586694
1835000 17.2888893685
1836000 17.2842243002
1837000 17.2808265562
1838000 17.2768105461
1839000 17.2711024601
1840000 17.2655898221
1841000 17.2611603387
1842000 17.2585643632
1843000 17.2578027265
1844000 17.2555649404
1845000 17.2528147244
1846000 17.2508867285
1847000 17.2492375261
1848000 17.249904528
1849000 17.253825345
1850000 17.2597823123
1851000 17.2668636738
1852000 17.2758200327
1853000 17.2862358321
1854000 17.2936394117
1855000 17.2977713385
1856000 17.2971456921
1857000 17.2915560875
1858000 17.2826155775
1859000 17.2721370603
1860000 17.2622170189
1861000 17.2540638447
1862000 17.2461067302
1863000 17.2393400979
1864000 17.2348086889
1865000 17.2333248962
1866000 17.2325243165
1867000 17.2319305598
1868000 17.2308896825
1869000 17.2292272737
1870000 17.227285479
1871000 17.2260165641
1872000 17.2260149368
1873000 17.2284318812
1874000 17.2320483608
1875000 17.2349636785
1876000 17.237643072
1877000 17.2401462046
1878000 17.2437498621
1879000 17.2475647311
1880000 17.2537677743
1881000 17.2589265324
1882000 17.263163368
1883000 17.2646084913
1884000 17.2652172463
1885000 17.2646938361
1886000 17.2647373885
1887000 17.2627118737
1888000 17.2588798517
1889000 17.2581048446
1890000 17.2542792737
1891000 17.251103443
1892000 17.2485120845
1893000 17.248724655
1894000 17.2517981157
1895000 17.2573106892
1896000 17.2641021336
1897000 17.2718426667
1898000 17.280785307
1899000 17.2885948863
1900000 17.294067435
1901000 17.2980872843
1902000 17.3005025893
1903000 17.3004390105
1904000 17.2984645273
1905000 17.2954154493
1906000 17.2911004281
1907000 17.2871262461
1908000 17.2833576902
1909000 17.2813797811
1910000 17.283380869
1911000 17.285279671
1912000 17.2863097105
1913000 17.2835253728
1914000 17.2778425145
1915000 17.2700183074
1916000 17.2605726171
1917000 17.2507332721
1918000 17.2397585076
1919000 17.2310415932
1920000 17.2232112386
1921000 17.2193248154
1922000 17.2171696253
1923000 17.2177058285
1924000 17.2193767305
1925000 17.2195933364
1926000 17.2215661499
1927000 17.2221989193
1928000 17.2215375399
1929000 17.2225133231
1930000 17.2236993024
1931000 17.2323995339
1932000 17.2406788283
1933000 17.2511673428
1934000 17.2619005848
1935000 17.2732448634
1936000 17.2850203887
1937000 17.2937315485
1938000 17.2983339127
1939000 17.2984117886
1940000 17.2965201987
1941000 17.294079712
1942000 17.2898703226
1943000 17.2886160999
1944000 17.2911989358
1945000 17.2963203926
1946000 17.3031894915
1947000 17.31000311
1948000 17.3145468006
1949000 17.3167904522
1950000 17.3170779444
1951000 17.3139934745
1952000 17.3074999474
1953000 17.2998595891
1954000 17.2911180858
1955000 17.2828296191
1956000 17.2758451314
1957000 17.2706671095
1958000 17.2678697584
1959000 17.2676582245
1960000 17.2695496519
1961000 17.2732837877
1962000 17.2751393702
1963000 17.2759255099
1964000 17.2748075675
1965000 17.2700885894
1966000 17.264376648
1967000 17.259454003
1968000 17.2543913663
1969000 17.249830381
1970000 17.2458803771
1971000 17.2428282848
1972000 17.2405308595
1973000 17.2393572701
1974000 17.2389033085
1975000 17.2388858747
1976000 17.2400157522
1977000 17.2426729325
1978000 17.2448239579
1979000 17.2487453213
1980000 17.2529291849
1981000 17.2570413598
1982000 17.2579479171
1983000 17.2583158832
1984000 17.2576599605
1985000 17.2542708343
1986000 17.2490026608
1987000 17.243854398
1988000 17.2425185176
1989000 17.2439421193
1990000 17.2466677679
1991000 17.2511331044
1992000 17.256466834
1993000 17.2646741655
1994000 17.2757980554
1995000 17.288673612
1996000 17.2969168228
1997000 17.3031152585
1998000 17.3079125804
1999000 17.3136708567
2000000 17.3179048556
2001000 17.3182837022
2002000 17.3162445623
2003000 17.3135638596
2004000 17.3115610301
2005000 17.3101694779
2006000 17.3055582198
2007000 17.3007955461
2008000 17.296489721
2009000 17.2944279383
2010000 17.2911059721
2011000 17.2854644721
2012000 17.2781647606
2013000 17.271804203
2014000 17.2655340578
2015000 17.2583173314
2016000 17.2501955405
2017000 17.2439401041
2018000 17.2358032602
2019000 17.2307662615
2020000 17.2312716066
2021000 17.2292518223
2022000 17.2287020594
2023000 17.2301373566
2024000 17.2359927777
2025000 17.2405585293
2026000 17.2437369608
2027000 17.2441718266
2028000 17.2437710152
2029000 17.2434487643
2030000 17.2430469516
2031000 17.2446519109
2032000 17.2433886052
2033000 17.2464994901
2034000 17.2524246399
2035000 17.2584814558
2036000 17.2661226152
2037000 17.2727996477
2038000 17.2805730022
2039000 17.2863809561
2040000 17.2893244517
2041000 17.2900195459
2042000 17.2904392643
2043000 17.2906616014
2044000 17.2904047352
2045000 17.292483447
2046000 17.2940800758
2047000 17.2973728752
2048000 17.3015126225
2049000 17.3051062882
2050000 17.3077726043
2051000 17.3096834422
2052000 17.3081258405
2053000 17.3038519663
2054000 17.296959911
2055000 17.2879700333
2056000 17.2771295344
2057000 17.2661317967
2058000 17.2567754312
2059000 17.2507938271
2060000 17.2475415092
2061000 17.2455598304
2062000 17.2456655554
2063000 17.246642771
2064000 17.2482601984
2065000 17.2502168912
2066000 17.250312361
2067000 17.2501497145
2068000 17.2504080557
2069000 17.2522714692
2070000 17.2566394383
2071000 17.2596585358
2072000 17.2624957638
2073000 17.2652931585
2074000 17.2676424726
2075000 17.2684207101
2076000 17.2677939959
2077000 17.2676634708
2078000 17.2627659325
2079000 17.2583134193
2080000 17.2544153756
2081000 17.2531332232
2082000 17.2524128592
2083000 17.2525658106
2084000 17.2526801989
2085000 17.2535910967
2086000 17.2512353688
2087000 17.2480648404
2088000 17.2430509382
2089000 17.2361158452
2090000 17.228310738
2091000 17.2216132775
2092000 17.2168310879
2093000 17.2169196453
2094000 17.221221651
2095000 17.2303950665
2096000 17.242860628
2097000 17.2583094394
2098000 17.2744248483
2099000 17.291214278
2100000 17.3065252076
2101000 17.3178274957
2102000 17.323999382
2103000 17.3240335451
2104000 17.3181151042
2105000 17.3088245251
2106000 17.2975087503
2107000 17.2868057538
2108000 17.2752620286
2109000 17.2660984495
2110000 17.2556648401
2111000 17.2476789676
2112000 17.2407230966
2113000 17.2364156658
2114000 17.2331518714
2115000 17.2338502138
2116000 17.2362408495
2117000 17.2395436636
2118000 17.2454064719
2119000 17.2501383949
2120000 17.2542070364
2121000 17.2587606145
2122000 17.2620976628
2123000 17.265357188
2124000 17.26873406
2125000 17.2716295854
2126000 17.2745000584
2127000 17.27749227
2128000 17.2808930848
2129000 17.2834095256
2130000 17.282945336
2131000 17.2827898649
2132000 17.2826389141
2133000 17.2798513654
2134000 17.2748034789
2135000 17.2664478568
2136000 17.2561132902
2137000 17.2456542495
2138000 17.2367708905
2139000 17.2283151533
2140000 17.2223665086
2141000 17.2191532417
2142000 17.2191432334
2143000 17.2220824187
2144000 17.2290250565
2145000 17.2380786959
2146000 17.2487526704
2147000 17.2608559596
2148000 17.2728030657
2149000 17.2856891131
2150000 17.2948079336
2151000 17.3009182434
2152000 17.3055394584
2153000 17.307625381
2154000 17.3073815076
2155000 17.3059472367
2156000 17.3048419275
2157000 17.303571443
2158000 17.301636032
2159000 17.2977605689
2160000 17.2933838958
2161000 17.2881583196
2162000 17.2825860906
2163000 17.2755162617
2164000 17.2686203734
2165000 17.2622735585
2166000 17.2586275932
2167000 17.2554406468
2168000 17.2525226605
2169000 17.2491061793
2170000 17.2446043524
2171000 17.2423728127
2172000 17.2380797445
2173000 17.2324596817
2174000 17.2269438566
2175000 17.2227902923
2176000 17.221844019
2177000 17.2194654295
2178000 17.2177208798
2179000 17.2173678381
2180000 17.219655919
2181000 17.2225432663
2182000 17.2262166133
2183000 17.2319694489
2184000 17.2381968857
2185000 17.242267864
2186000 17.2439187051
2187000 17.2441800765
2188000 17.2438871171
2189000 17.2448115414
2190000 17.243939781
2191000 17.2436422364
2192000 17.2451515704
2193000 17.2471292904
2194000 17.2509429654
2195000 17.2525213207
2196000 17.2548786431
2197000 17.2564771911
2198000 17.2595044201
2199000 17.2581225152
2200000 17.2554920077
2201000 17.2520142821
2202000 17.2475230641
2203000 17.2439893668
2204000 17.2396192273
2205000 17.2381177908
2206000 17.23714658
2207000 17.2395111997
2208000 17.2426664716
2209000 17.2459171214
2210000 17.2504222787
2211000 17.2577294242
2212000 17.2643439681
2213000 17.2699150138
2214000 17.2726638586
2215000 17.275229939
2216000 17.2786993416
2217000 17.2835939318
2218000 17.2892579532
2219000 17.29191961
2220000 17.2934042302
2221000 17.2920689664
2222000 17.2890265843
2223000 17.2837743054
2224000 17.2768109571
2225000 17.2683665835
2226000 17.2573491611
2227000 17.2465312431
2228000 17.2386706032
2229000 17.2345007532
2230000 17.2339521629
2231000 17.2365283884
2232000 17.2418868055
2233000 17.2497751613
2234000 17.2574441228
2235000 17.265087915
2236000 17.271621412
2237000 17.274869627
2238000 17.2751958931
2239000 17.2741368769
2240000 17.2698417011
2241000 17.2645541235
2242000 17.2588433531
2243000 17.2535850206
2244000 17.2490262124
2245000 17.2421178037
2246000 17.234741777
2247000 17.2256088501
2248000 17.215079678
2249000 17.2067964839
2250000 17.1993077258
2251000 17.1946735473
2252000 17.1922467856
2253000 17.1927036345
2254000 17.1963695158
2255000 17.200529821
2256000 17.2061725783
2257000 17.213142549
2258000 17.2217121121
2259000 17.2328272018
2260000 17.2456430833
2261000 17.259435011
2262000 17.2718950166
2263000 17.2829608958
2264000 17.2947044604
2265000 17.3042855727
2266000 17.3105360151
2267000 17.314733861
2268000 17.3177595474
2269000 17.3198375268
2270000 17.3193847409
2271000 17.3142741705
2272000 17.3048247928
2273000 17.2932405524
2274000 17.2805281844
2275000 17.2665002527
2276000 17.2529607106
2277000 17.2423560802
2278000 17.235723283
2279000 17.2314155754
2280000 17.2328474443
2281000 17.2358479424
2282000 17.2400473361
2283000 17.243853976
2284000 17.2482581613
2285000 17.2507226677
2286000 17.2520811253
2287000 17.2508181061
2288000 17.246494531
2289000 17.2392378607
2290000 17.2308115205
2291000 17.2185720696
2292000 17.2063942497
2293000 17.1954268979
2294000 17.1834942298
2295000 17.1728809105
2296000 17.1638787958
2297000 17.1561455557
2298000 17.1513548796
2299000 17.1502622638
2300000 17.1545306608
2301000 17.1630233846
2302000 17.1763107883
2303000 17.1908781818
2304000 17.2071690666
2305000 17.2259840107
2306000 17.2442211347
2307000 17.263362977
2308000 17.2803868767
2309000 17.2966390527
2310000 17.3114916414
2311000 17.3204132889
2312000 17.3284799382
2313000 17.3352350694
2314000 17.3408978733
2315000 17.3430557231
2316000 17.3420165855
2317000 17.3379493996
2318000 17.3299519249
2319000 17.3194427487
2320000 17.3043150797
2321000 17.2861821676
2322000 17.2658892703
2323000 17.2449020708
2324000 17.2252042839
2325000 17.2093143297
2326000 17.19444916
2327000 17.1851918367
2328000 17.1824585966
2329000 17.1872856645
2330000 17.1972645637
2331000 17.2094254331
2332000 17.2254100112
2333000 17.2444676208
2334000 17.2660982908
2335000 17.2861563886
2336000 17.3049779628
2337000 17.3192257396
2338000 17.3290559057
2339000 17.3335118209
2340000 17.332128769
2341000 17.3243883057
2342000 17.3112127537
2343000 17.2946242423
2344000 17.2758565331
2345000 17.2560693925
2346000 17.2367324561
2347000 17.2199184701
2348000 17.2055201035
2349000 17.1953462595
2350000 17.1912130837
2351000 17.1904324905
2352000 17.196490123
2353000 17.2080561249
2354000 17.2212147155
